#! FIELDS refcv.morethan b1.fes
#! SET min_refcv.morethan 0.0
#! SET max_refcv.morethan 256.0
#! SET nbins_refcv.morethan  301
#! SET periodic_refcv.morethan false
    0.000000000  278.563408109
    0.853333333  243.956351666
    1.706666667  225.573660049
    2.560000000  218.482432914
    3.413333333  218.989909179
    4.266666667  224.379224007
    5.120000000  232.693466990
    5.973333333  242.560411651
    6.826666667  253.051332433
    7.680000000  263.568246723
    8.533333333  273.754729011
    9.386666667  283.426153830
   10.240000000  292.515844324
   11.093333333  301.034143852
   11.946666667  309.037897801
   12.800000000  316.608239639
   13.653333333  323.834926452
   14.506666667  330.805771201
   15.360000000  337.599977619
   16.213333333  344.284404216
   17.066666667  350.911971071
   17.920000000  357.521581085
   18.773333333  364.139060039
   19.626666667  370.778730347
   20.480000000  377.445324999
   21.333333333  384.136023321
   22.186666667  390.842451291
   23.040000000  397.552538334
   23.893333333  404.252161463
   24.746666667  410.926538111
   25.600000000  417.561352267
   26.453333333  424.143615880
   27.306666667  430.662279927
   28.160000000  437.108618066
   29.013333333  443.476411016
   29.866666667  449.761962601
   30.720000000  455.963979169
   31.573333333  462.083343385
   32.426666667  468.122811626
   33.280000000  474.086661655
   34.133333333  479.980314223
   34.986666667  485.809948943
   35.840000000  491.582131409
   36.693333333  497.303465151
   37.546666667  502.980278874
   38.400000000  508.618356377
   39.253333333  514.222713917
   40.106666667  519.797427332
   40.960000000  525.345509204
   41.813333333  530.868834568
   42.666666667  536.368112280
   43.520000000  541.842898039
   44.373333333  547.291644222
   45.226666667  552.711781162
   46.080000000  558.099824172
   46.933333333  563.451500497
   47.786666667  568.761890484
   48.640000000  574.025577466
   49.493333333  579.236801204
   50.346666667  584.389610216
   51.200000000  589.478008792
   52.053333333  594.496095122
   52.906666667  599.438187516
   53.760000000  604.298936350
   54.613333333  609.073419926
   55.466666667  613.757223081
   56.320000000  618.346497863
   57.173333333  622.838006165
   58.026666667  627.229144624
   58.880000000  631.517952538
   59.733333333  635.703103876
   60.586666667  639.783884769
   61.440000000  643.760158096
   62.293333333  647.632316959
   63.146666667  651.401228951
   64.000000000  655.068173198
   64.853333333  658.634772166
   65.706666667  662.102920191
   66.560000000  665.474710637
   67.413333333  668.752363445
   68.266666667  671.938154753
   69.120000000  675.034350061
   69.973333333  678.043142247
   70.826666667  680.966595572
   71.680000000  683.806596568
   72.533333333  686.564812524
   73.386666667  689.242658071
   74.240000000  691.841270160
   75.093333333  694.361491525
   75.946666667  696.803862562
   76.800000000  699.168621350
   77.653333333  701.455711417
   78.506666667  703.664796689
   79.360000000  705.795282968
   80.213333333  707.846345154
   81.066666667  709.816959387
   81.920000000  711.705939192
   82.773333333  713.511974694
   83.626666667  715.233673946
   84.480000000  716.869605421
   85.333333333  718.418340727
   86.186666667  719.878496649
   87.040000000  721.248775679
   87.893333333  722.528004242
   88.746666667  723.715167913
   89.600000000  724.809443014
   90.453333333  725.810224048
   91.306666667  726.717146545
   92.160000000  727.530105004
   93.013333333  728.249265676
   93.866666667  728.875074098
   94.720000000  729.408257332
   95.573333333  729.849821002
   96.426666667  730.201041287
   97.280000000  730.463452126
   98.133333333  730.638827981
   98.986666667  730.729162538
   99.840000000  730.736643840
  100.693333333  730.663626343
  101.546666667  730.512600455
  102.400000000  730.286160161
  103.253333333  729.986969309
  104.106666667  729.617727190
  104.960000000  729.181134015
  105.813333333  728.679856879
  106.666666667  728.116496792
  107.520000000  727.493557318
  108.373333333  726.813415319
  109.226666667  726.078294273
  110.080000000  725.290240546
  110.933333333  724.451102989
  111.786666667  723.562516114
  112.640000000  722.625887089
  113.493333333  721.642386672
  114.346666667  720.612944190
  115.200000000  719.538246548
  116.053333333  718.418741217
  116.906666667  717.254643091
  117.760000000  716.045944995
  118.613333333  714.792431638
  119.466666667  713.493696678
  120.320000000  712.149162583
  121.173333333  710.758102879
  122.026666667  709.319666390
  122.880000000  707.832902995
  123.733333333  706.296790465
  124.586666667  704.710261880
  125.440000000  703.072233158
  126.293333333  701.381630215
  127.146666667  699.637415290
  128.000000000  697.838611992
  128.853333333  695.984328644
  129.706666667  694.073779545
  130.560000000  692.106303787
  131.413333333  690.081381338
  132.266666667  687.998646117
  133.120000000  685.857895874
  133.973333333  683.659098707
  134.826666667  681.402396138
  135.680000000  679.088102701
  136.533333333  676.716702080
  137.386666667  674.288839861
  138.240000000  671.805313060
  139.093333333  669.267056599
  139.946666667  666.675126984
  140.800000000  664.030683481
  141.653333333  661.334967111
  142.506666667  658.589277849
  143.360000000  655.794950412
  144.213333333  652.953329087
  145.066666667  650.065742013
  145.920000000  647.133475400
  146.773333333  644.157748129
  147.626666667  641.139687180
  148.480000000  638.080304361
  149.333333333  634.980474717
  150.186666667  631.840917066
  151.040000000  628.662176990
  151.893333333  625.444612626
  152.746666667  622.188383537
  153.600000000  618.893442902
  154.453333333  615.559533188
  155.306666667  612.186185445
  156.160000000  608.772722276
  157.013333333  605.318264487
  157.866666667  601.821741354
  158.720000000  598.281904378
  159.573333333  594.697344355
  160.426666667  591.066511501
  161.280000000  587.387738351
  162.133333333  583.659265059
  162.986666667  579.879266719
  163.840000000  576.045882263
  164.693333333  572.157244450
  165.546666667  568.211510475
  166.400000000  564.206892646
  167.253333333  560.141688627
  168.106666667  556.014310702
  168.960000000  551.823313545
  169.813333333  547.567419979
  170.666666667  543.245544263
  171.520000000  538.856812430
  172.373333333  534.400579309
  173.226666667  529.876441847
  174.080000000  525.284248452
  174.933333333  520.624104129
  175.786666667  515.896371241
  176.640000000  511.101665812
  177.493333333  506.240849379
  178.346666667  501.315016446
  179.200000000  496.325477717
  180.053333333  491.273739328
  180.906666667  486.161478409
  181.760000000  480.990515353
  182.613333333  475.762783258
  183.466666667  470.480295075
  184.320000000  465.145109029
  185.173333333  459.759292949
  186.026666667  454.324888171
  186.880000000  448.843873701
  187.733333333  443.318131338
  188.586666667  437.749412468
  189.440000000  432.139307204
  190.293333333  426.489216542
  191.146666667  420.800328154
  192.000000000  415.073596369
  192.853333333  409.309726852
  193.706666667  403.509166396
  194.560000000  397.672098134
  195.413333333  391.798442424
  196.266666667  385.887863490
  197.120000000  379.939781839
  197.973333333  373.953392328
  198.826666667  367.927687629
  199.680000000  361.861486750
  200.533333333  355.753468112
  201.386666667  349.602206618
  202.240000000  343.406214002
  203.093333333  337.163981711
  203.946666667  330.874025448
  204.800000000  324.534930487
  205.653333333  318.145396821
  206.506666667  311.704283185
  207.360000000  305.210649023
  208.213333333  298.663793482
  209.066666667  292.063290593
  209.920000000  285.409019872
  210.773333333  278.701191679
  211.626666667  271.940366824
  212.480000000  265.127470021
  213.333333333  258.263796995
  214.186666667  251.351015198
  215.040000000  244.391158282
  215.893333333  237.386614667
  216.746666667  230.340110710
  217.600000000  223.254689171
  218.453333333  216.133683800
  219.306666667  208.980691016
  220.160000000  201.799539736
  221.013333333  194.594260486
  221.866666667  187.369054952
  222.720000000  180.128267122
  223.573333333  172.876357140
  224.426666667  165.617878944
  225.280000000  158.357462683
  226.133333333  151.099802886
  226.986666667  143.849653367
  227.840000000  136.611829940
  228.693333333  129.391222330
  229.546666667  122.192817120
  230.400000000  115.021734463
  231.253333333  107.883282532
  232.106666667  100.783035606
  232.960000000   93.726944369
  233.813333333   86.721490638
  234.666666667   79.773903741
  235.520000000   72.892462222
  236.373333333   66.086913070
  237.226666667   59.369051451
  238.080000000   52.753517700
  238.933333333   46.258885451
  239.786666667   39.909136197
  240.640000000   33.735641772
  241.493333333   27.779808424
  242.346666667   22.096575104
  243.200000000   16.759005657
  244.053333333   11.864271080
  244.906666667    7.541385374
  245.760000000    3.961138632
  246.613333333    1.348765660
  247.466666667    0.000000000
  248.320000000    0.301294063
  249.173333333    2.755139034
  250.026666667    8.011596406
  250.880000000   16.907359880
  251.733333333   30.513905860
  252.586666667   50.196567179
  253.440000000   77.686682858
  254.293333333  115.169341927
  255.146666667  165.389657592
  256.000000000  231.780985838
