#! FIELDS refcv.morethan b1.fes
#! SET min_refcv.morethan 0.0
#! SET max_refcv.morethan 256.0
#! SET nbins_refcv.morethan  301
#! SET periodic_refcv.morethan false
    0.000000000  306.042044228
    0.853333333  270.079860635
    1.706666667  249.898741648
    2.560000000  240.687151949
    3.413333333  238.876455933
    4.266666667  241.866711981
    5.120000000  247.804419027
    5.973333333  255.403719862
    6.826666667  263.803769041
    7.680000000  272.456028735
    8.533333333  281.036179155
    9.386666667  289.376135689
   10.240000000  297.412365504
   11.093333333  305.147303885
   11.946666667  312.621195635
   12.800000000  319.892138989
   13.653333333  327.022497334
   14.506666667  334.070175363
   15.360000000  341.083538013
   16.213333333  348.098988965
   17.066666667  355.140426111
   17.920000000  362.219959212
   18.773333333  369.339414424
   19.626666667  376.492265337
   20.480000000  383.665724153
   21.333333333  390.842802682
   22.186666667  398.004213653
   23.040000000  405.130030799
   23.893333333  412.201063325
   24.746666667  419.199928548
   25.600000000  426.111827246
   26.453333333  432.925040919
   27.306666667  439.631179931
   28.160000000  446.225217352
   29.013333333  452.705346091
   29.866666667  459.072697336
   30.720000000  465.330956983
   31.573333333  471.485914133
   32.426666667  477.544972310
   33.280000000  483.516650065
   34.133333333  489.410093446
   34.986666667  495.234618530
   35.840000000  500.999298124
   36.693333333  506.712602782
   37.546666667  512.382102788
   38.400000000  518.014234509
   39.253333333  523.614131784
   40.106666667  529.185520636
   40.960000000  534.730673708
   41.813333333  540.250419273
   42.666666667  545.744198570
   43.520000000  551.210164442
   44.373333333  556.645313794
   45.226666667  562.045646257
   46.080000000  567.406341493
   46.933333333  572.721947910
   47.786666667  577.986575987
   48.640000000  583.194090028
   49.493333333  588.338292843
   50.346666667  593.413098643
   51.200000000  598.412690210
   52.053333333  603.331657236
   52.906666667  608.165113553
   53.760000000  612.908791701
   54.613333333  617.559114094
   55.466666667  622.113240655
   56.320000000  626.569093464
   57.173333333  630.925359458
   58.026666667  635.181472736
   58.880000000  639.337578349
   59.733333333  643.394479821
   60.586666667  647.353572816
   61.440000000  651.216767557
   62.293333333  654.986402642
   63.146666667  658.665152946
   64.000000000  662.255934217
   64.853333333  665.761806880
   65.706666667  669.185881410
   66.560000000  672.531227438
   67.413333333  675.800788524
   68.266666667  678.997304288
   69.120000000  682.123241309
   69.973333333  685.180733948
   70.826666667  688.171535910
   71.680000000  691.096983160
   72.533333333  693.957968448
   73.386666667  696.754927488
   74.240000000  699.487836567
   75.093333333  702.156221141
   75.946666667  704.759174756
   76.800000000  707.295387459
   77.653333333  709.763182718
   78.506666667  712.160561737
   79.360000000  714.485253947
   80.213333333  716.734772403
   81.066666667  718.906472766
   81.920000000  720.997614534
   82.773333333  723.005423219
   83.626666667  724.927152162
   84.480000000  726.760142785
   85.333333333  728.501882139
   86.186666667  730.150056675
   87.040000000  731.702601329
   87.893333333  733.157743102
   88.746666667  734.514038438
   89.600000000  735.770403881
   90.453333333  736.926139605
   91.306666667  737.980945547
   92.160000000  738.934930066
   93.013333333  739.788611113
   93.866666667  740.542910120
   94.720000000  741.199138846
   95.573333333  741.758979631
   96.426666667  742.224459522
   97.280000000  742.597918907
   98.133333333  742.881975314
   98.986666667  743.079483120
   99.840000000  743.193489979
  100.693333333  743.227190779
  101.546666667  743.183879988
  102.400000000  743.066903239
  103.253333333  742.879608990
  104.106666667  742.625301098
  104.960000000  742.307193068
  105.813333333  741.928364733
  106.666666667  741.491722028
  107.520000000  740.999960469
  108.373333333  740.455532879
  109.226666667  739.860621796
  110.080000000  739.217116920
  110.933333333  738.526597886
  111.786666667  737.790322507
  112.640000000  737.009220593
  113.493333333  736.183893307
  114.346666667  735.314617956
  115.200000000  734.401358029
  116.053333333  733.443778194
  116.906666667  732.441263898
  117.760000000  731.392945149
  118.613333333  730.297723999
  119.466666667  729.154305174
  120.320000000  727.961229289
  121.173333333  726.716908031
  122.026666667  725.419660665
  122.880000000  724.067751238
  123.733333333  722.659425818
  124.586666667  721.192949151
  125.440000000  719.666640102
  126.293333333  718.078905314
  127.146666667  716.428270526
  128.000000000  714.713409061
  128.853333333  712.933167034
  129.706666667  711.086584902
  130.560000000  709.172915034
  131.413333333  707.191635071
  132.266666667  705.142456885
  133.120000000  703.025331063
  133.973333333  700.840446891
  134.826666667  698.588227889
  135.680000000  696.269323058
  136.533333333  693.884594014
  137.386666667  691.435098310
  138.240000000  688.922069277
  139.093333333  686.346892774
  139.946666667  683.711081303
  140.800000000  681.016245973
  141.653333333  678.264066837
  142.506666667  675.456262151
  143.360000000  672.594557123
  144.213333333  669.680652719
  145.066666667  666.716195089
  145.920000000  663.702746189
  146.773333333  660.641756101
  147.626666667  657.534537581
  148.480000000  654.382243276
  149.333333333  651.185846035
  150.186666667  647.946122665
  151.040000000  644.663641432
  151.893333333  641.338753534
  152.746666667  637.971588697
  153.600000000  634.562054995
  154.453333333  631.109842872
  155.306666667  627.614433319
  156.160000000  624.075110051
  157.013333333  620.490975446
  157.866666667  616.860969984
  158.720000000  613.183894789
  159.573333333  609.458436880
  160.426666667  605.683196649
  161.280000000  601.856717032
  162.133333333  597.977513833
  162.986666667  594.044106605
  163.840000000  590.055049494
  164.693333333  586.008961427
  165.546666667  581.904555055
  166.400000000  577.740663864
  167.253333333  573.516266894
  168.106666667  569.230510554
  168.960000000  564.882727066
  169.813333333  560.472449144
  170.666666667  555.999420558
  171.520000000  551.463602341
  172.373333333  546.865174458
  173.226666667  542.204532871
  174.080000000  537.482281997
  174.933333333  532.699222685
  175.786666667  527.856335912
  176.640000000  522.954762507
  177.493333333  517.995779295
  178.346666667  512.980772146
  179.200000000  507.911206491
  180.053333333  502.788595937
  180.906666667  497.614469665
  181.760000000  492.390339356
  182.613333333  487.117666400
  183.466666667  481.797830182
  184.320000000  476.432098206
  185.173333333  471.021598836
  186.026666667  465.567297358
  186.880000000  460.069976037
  187.733333333  454.530218749
  188.586666667  448.948400702
  189.440000000  443.324683609
  190.293333333  437.659016601
  191.146666667  431.951142996
  192.000000000  426.200612904
  192.853333333  420.406801507
  193.706666667  414.568932663
  194.560000000  408.686107369
  195.413333333  402.757336408
  196.266666667  396.781576413
  197.120000000  390.757768398
  197.973333333  384.684877718
  198.826666667  378.561934311
  199.680000000  372.388072002
  200.533333333  366.162565620
  201.386666667  359.884864654
  202.240000000  353.554622228
  203.093333333  347.171718235
  203.946666667  340.736275589
  204.800000000  334.248668721
  205.653333333  327.709523645
  206.506666667  321.119709181
  207.360000000  314.480319196
  208.213333333  307.792646075
  209.066666667  301.058145972
  209.920000000  294.278396792
  210.773333333  287.455050244
  211.626666667  280.589779699
  212.480000000  273.684225988
  213.333333333  266.739943626
  214.186666667  259.758350273
  215.040000000  252.740682475
  215.893333333  245.687960953
  216.746666667  238.600968691
  217.600000000  231.480245114
  218.453333333  224.326099361
  219.306666667  217.138645347
  220.160000000  209.917860727
  221.013333333  202.663671158
  221.866666667  195.376060291
  222.720000000  188.055204803
  223.573333333  180.701632408
  224.426666667  173.316399336
  225.280000000  165.901282070
  226.133333333  158.458976460
  226.986666667  150.993295609
  227.840000000  143.509356293
  228.693333333  136.013742358
  229.546666667  128.514632556
  230.400000000  121.021880008
  231.253333333  113.547031068
  232.106666667  106.103273252
  232.960000000   98.705305367
  233.813333333   91.369128663
  234.666666667   84.111766132
  235.520000000   76.950928840
  236.373333333   69.904664089
  237.226666667   62.991041235
  238.080000000   56.227958200
  238.933333333   49.633186409
  239.786666667   43.224815436
  240.640000000   37.022312741
  241.493333333   31.048480473
  242.346666667   25.332672416
  243.200000000   19.915732452
  244.053333333   14.857233931
  244.906666667   10.245740446
  245.760000000    6.212976164
  246.613333333    2.952992020
  247.466666667    0.747647373
  248.320000000    0.000000000
  249.173333333    1.277516356
  250.026666667    5.367385026
  250.880000000   13.346646248
  251.733333333   26.670347096
  252.586666667   47.281503979
  253.440000000   77.747311105
  254.293333333  121.426786001
  255.146666667  182.675902886
  256.000000000  267.097244374
