#! FIELDS refcv.morethan b1.fes
#! SET min_refcv.morethan 0.0
#! SET max_refcv.morethan 256.0
#! SET nbins_refcv.morethan  301
#! SET periodic_refcv.morethan false
    0.000000000  273.955893046
    0.853333333  232.334043669
    1.706666667  209.819739134
    2.560000000  200.273450911
    3.413333333  199.214177513
    4.266666667  203.439502567
    5.120000000  210.719959467
    5.973333333  219.555217643
    6.826666667  228.981416269
    7.680000000  238.420554744
    8.533333333  247.564230087
    9.386666667  256.285212041
   10.240000000  264.571387296
   11.093333333  272.477503237
   11.946666667  280.090915427
   12.800000000  287.508206534
   13.653333333  294.820110981
   14.506666667  302.102661116
   15.360000000  309.412878035
   16.213333333  316.787672752
   17.066666667  324.244909876
   17.920000000  331.785823816
   18.773333333  339.398173568
   19.626666667  347.059682280
   20.480000000  354.741437353
   21.333333333  362.411030321
   22.186666667  370.035297368
   23.040000000  377.582584504
   23.893333333  385.024509297
   24.746666667  392.337226276
   25.600000000  399.502228005
   26.453333333  406.506730405
   27.306666667  413.343700767
   28.160000000  420.011591622
   29.013333333  426.513844316
   29.866666667  432.858223883
   30.720000000  439.056042406
   31.573333333  445.121322237
   32.426666667  451.069943749
   33.280000000  456.918815188
   34.133333333  462.685095013
   34.986666667  468.385490162
   35.840000000  474.035647135
   36.693333333  479.649646768
   37.546666667  485.239608248
   38.400000000  490.815403251
   39.253333333  496.384477192
   40.106666667  501.951771317
   40.960000000  507.519736912
   41.813333333  513.088430995
   42.666666667  518.655681619
   43.520000000  524.217310172
   44.373333333  529.767397852
   45.226666667  535.298583609
   46.080000000  540.802381406
   46.933333333  546.269505424
   47.786666667  551.690192850
   48.640000000  557.054515071
   49.493333333  562.352669385
   50.346666667  567.575244680
   51.200000000  572.713455922
   52.053333333  577.759343612
   52.906666667  582.705935718
   53.760000000  587.547370775
   54.613333333  592.278982006
   55.466666667  596.897343328
   56.320000000  601.400279000
   57.173333333  605.786839442
   58.026666667  610.057246380
   58.880000000  614.212810977
   59.733333333  618.255828956
   60.586666667  622.189456979
   61.440000000  626.017574653
   62.293333333  629.744636529
   63.146666667  633.375518405
   64.000000000  636.915361999
   64.853333333  640.369421874
   65.706666667  643.742918104
   66.560000000  647.040897842
   67.413333333  650.268108516
   68.266666667  653.428884934
   69.120000000  656.527052131
   69.973333333  659.565845309
   70.826666667  662.547847788
   71.680000000  665.474947401
   72.533333333  668.348311369
   73.386666667  671.168379290
   74.240000000  673.934873482
   75.093333333  676.646825637
   75.946666667  679.302618428
   76.800000000  681.900040472
   77.653333333  684.436352878
   78.506666667  686.908365439
   79.360000000  689.312520442
   80.213333333  691.644982010
   81.066666667  693.901728874
   81.920000000  696.078648513
   82.773333333  698.171630670
   83.626666667  700.176658324
   84.480000000  702.089894397
   85.333333333  703.907762553
   86.186666667  705.627020708
   87.040000000  707.244826016
   87.893333333  708.758790332
   88.746666667  710.167025388
   89.600000000  711.468177113
   90.453333333  712.661448792
   91.306666667  713.746612955
   92.160000000  714.724012127
   93.013333333  715.594548750
   93.866666667  716.359664800
   94.720000000  717.021311789
   95.573333333  717.581911996
   96.426666667  718.044311905
   97.280000000  718.411728943
   98.133333333  718.687692697
   98.986666667  718.875981850
   99.840000000  718.980558129
  100.693333333  719.005498550
  101.546666667  718.954927265
  102.400000000  718.832948266
  103.253333333  718.643580158
  104.106666667  718.390694137
  104.960000000  718.077956228
  105.813333333  717.708774737
  106.666666667  717.286253717
  107.520000000  716.813153188
  108.373333333  716.291856632
  109.226666667  715.724346212
  110.080000000  715.112185960
  110.933333333  714.456513076
  111.786666667  713.758037290
  112.640000000  713.017048135
  113.493333333  712.233429816
  114.346666667  711.406683238
  115.200000000  710.535954643
  116.053333333  709.620070183
  116.906666667  708.657575693
  117.760000000  707.646780810
  118.613333333  706.585806553
  119.466666667  705.472635424
  120.320000000  704.305163040
  121.173333333  703.081250334
  122.026666667  701.798775333
  122.880000000  700.455683555
  123.733333333  699.050036110
  124.586666667  697.580054638
  125.440000000  696.044162283
  126.293333333  694.441019994
  127.146666667  692.769557516
  128.000000000  691.028998557
  128.853333333  689.218879722
  129.706666667  687.339062910
  130.560000000  685.389741006
  131.413333333  683.371436817
  132.266666667  681.284995328
  133.120000000  679.131569465
  133.973333333  676.912599685
  134.826666667  674.629787818
  135.680000000  672.285065681
  136.533333333  669.880559103
  137.386666667  667.418548048
  138.240000000  664.901423637
  139.093333333  662.331642883
  139.946666667  659.711682038
  140.800000000  657.043989438
  141.653333333  654.330938780
  142.506666667  651.574783732
  143.360000000  648.777614772
  144.213333333  645.941319096
  145.066666667  643.067544418
  145.920000000  640.157667363
  146.773333333  637.212767127
  147.626666667  634.233604939
  148.480000000  631.220609783
  149.333333333  628.173870710
  150.186666667  625.093135948
  151.040000000  621.977818891
  151.893333333  618.827010917
  152.746666667  615.639500859
  153.600000000  612.413800792
  154.453333333  609.148177716
  155.306666667  605.840690562
  156.160000000  602.489231830
  157.013333333  599.091573092
  157.866666667  595.645413478
  158.720000000  592.148430191
  159.573333333  588.598330048
  160.426666667  584.992900999
  161.280000000  581.330062529
  162.133333333  577.607913886
  162.986666667  573.824779074
  163.840000000  569.979247571
  164.693333333  566.070209839
  165.546666667  562.096886732
  166.400000000  558.058852034
  167.253333333  553.956047458
  168.106666667  549.788789615
  168.960000000  545.557768554
  169.813333333  541.264037706
  170.666666667  536.908995183
  171.520000000  532.494356621
  172.373333333  528.022119893
  173.226666667  523.494522246
  174.080000000  518.913990582
  174.933333333  514.283085790
  175.786666667  509.604442197
  176.640000000  504.880703367
  177.493333333  500.114455612
  178.346666667  495.308160675
  179.200000000  490.464089163
  180.053333333  485.584256328
  180.906666667  480.670361847
  181.760000000  475.723735232
  182.613333333  470.745288441
  183.466666667  465.735477207
  184.320000000  460.694272439
  185.173333333  455.621142921
  186.026666667  450.515050305
  186.880000000  445.374457183
  187.733333333  440.197348723
  188.586666667  434.981268085
  189.440000000  429.723365466
  190.293333333  424.420460313
  191.146666667  419.069115862
  192.000000000  413.665724781
  192.853333333  408.206604356
  193.706666667  402.688099268
  194.560000000  397.106689705
  195.413333333  391.459102200
  196.266666667  385.742420369
  197.120000000  379.954192447
  197.973333333  374.092532415
  198.826666667  368.156211375
  199.680000000  362.144735857
  200.533333333  356.058409808
  201.386666667  349.898377195
  202.240000000  343.666642433
  203.093333333  337.366066250
  203.946666667  331.000335084
  204.800000000  324.573902738
  205.653333333  318.091903718
  206.506666667  311.560038510
  207.360000000  304.984431949
  208.213333333  298.371466825
  209.066666667  291.727595915
  209.920000000  285.059136701
  210.773333333  278.372054119
  211.626666667  271.671737762
  212.480000000  264.962780943
  213.333333333  258.248769936
  214.186666667  251.532092475
  215.040000000  244.813775116
  215.893333333  238.093359434
  216.746666667  231.368826984
  217.600000000  224.636582634
  218.453333333  217.891505129
  219.306666667  211.127072515
  220.160000000  204.335568333
  221.013333333  197.508372236
  221.866666667  190.636335836
  222.720000000  183.710241190
  223.573333333  176.721335329
  224.426666667  169.661929744
  225.280000000  162.526048727
  226.133333333  155.310105176
  226.986666667  148.013576870
  227.840000000  140.639650758
  228.693333333  133.195797524
  229.546666667  125.694234129
  230.400000000  118.152228574
  231.253333333  110.592199316
  232.106666667  103.041562366
  232.960000000   95.532282861
  233.813333333   88.100095929
  234.666666667   80.783375011
  235.520000000   73.621646089
  236.373333333   66.653774897
  237.226666667   59.915893339
  238.080000000   53.439183098
  238.933333333   47.247701417
  239.786666667   41.356519368
  240.640000000   35.770549865
  241.493333333   30.484575291
  242.346666667   25.485147314
  243.200000000   20.755229340
  244.053333333   16.282690867
  244.906666667   12.074049271
  245.760000000    8.175195590
  246.613333333    4.701244889
  247.466666667    1.878128113
  248.320000000    0.099101170
  249.173333333    0.000000000
  250.026666667    2.557830393
  250.880000000    9.218162624
  251.733333333   22.057819550
  252.586666667   43.990520184
  253.440000000   79.024488608
  254.293333333  132.582581822
  255.146666667  211.897253686
  256.000000000  326.494681700
