#! FIELDS refcv.morethan targetdist
#! SET min_refcv.morethan 0.0
#! SET max_refcv.morethan 256.0
#! SET nbins_refcv.morethan  301
#! SET periodic_refcv.morethan false
    0.000000000    0.004911761
    0.853333333    0.005213046
    1.706666667    0.005388276
    2.560000000    0.005468569
    3.413333333    0.005482653
    4.266666667    0.005453854
    5.120000000    0.005399556
    5.973333333    0.005331868
    6.826666667    0.005258709
    7.680000000    0.005184899
    8.533333333    0.005113086
    9.386666667    0.005044473
   10.240000000    0.004979351
   11.093333333    0.004917484
   11.946666667    0.004858368
   12.800000000    0.004801408
   13.653333333    0.004746027
   14.506666667    0.004691727
   15.360000000    0.004638122
   16.213333333    0.004584949
   17.066666667    0.004532055
   17.920000000    0.004479392
   18.773333333    0.004426989
   19.626666667    0.004374936
   20.480000000    0.004323362
   21.333333333    0.004272416
   22.186666667    0.004222253
   23.040000000    0.004173020
   23.893333333    0.004124846
   24.746666667    0.004077837
   25.600000000    0.004032072
   26.453333333    0.003987603
   27.306666667    0.003944450
   28.160000000    0.003902611
   29.013333333    0.003862057
   29.866666667    0.003822744
   30.720000000    0.003784606
   31.573333333    0.003747572
   32.426666667    0.003711558
   33.280000000    0.003676479
   34.133333333    0.003642249
   34.986666667    0.003608785
   35.840000000    0.003576008
   36.693333333    0.003543848
   37.546666667    0.003512241
   38.400000000    0.003481136
   39.253333333    0.003450489
   40.106666667    0.003420269
   40.960000000    0.003390454
   41.813333333    0.003361032
   42.666666667    0.003331998
   43.520000000    0.003303358
   44.373333333    0.003275121
   45.226666667    0.003247303
   46.080000000    0.003219925
   46.933333333    0.003193009
   47.786666667    0.003166578
   48.640000000    0.003140658
   49.493333333    0.003115270
   50.346666667    0.003090439
   51.200000000    0.003066181
   52.053333333    0.003042516
   52.906666667    0.003019454
   53.760000000    0.002997006
   54.613333333    0.002975177
   55.466666667    0.002953967
   56.320000000    0.002933375
   57.173333333    0.002913394
   58.026666667    0.002894013
   58.880000000    0.002875220
   59.733333333    0.002856999
   60.586666667    0.002839331
   61.440000000    0.002822198
   62.293333333    0.002805577
   63.146666667    0.002789448
   64.000000000    0.002773786
   64.853333333    0.002758571
   65.706666667    0.002743781
   66.560000000    0.002729395
   67.413333333    0.002715395
   68.266666667    0.002701763
   69.120000000    0.002688483
   69.973333333    0.002675542
   70.826666667    0.002662930
   71.680000000    0.002650638
   72.533333333    0.002638658
   73.386666667    0.002626989
   74.240000000    0.002615628
   75.093333333    0.002604575
   75.946666667    0.002593834
   76.800000000    0.002583409
   77.653333333    0.002573307
   78.506666667    0.002563533
   79.360000000    0.002554099
   80.213333333    0.002545011
   81.066666667    0.002536281
   81.920000000    0.002527918
   82.773333333    0.002519932
   83.626666667    0.002512333
   84.480000000    0.002505130
   85.333333333    0.002498331
   86.186666667    0.002491943
   87.040000000    0.002485972
   87.893333333    0.002480422
   88.746666667    0.002475298
   89.600000000    0.002470600
   90.453333333    0.002466328
   91.306666667    0.002462480
   92.160000000    0.002459053
   93.013333333    0.002456042
   93.866666667    0.002453440
   94.720000000    0.002451239
   95.573333333    0.002449429
   96.426666667    0.002447999
   97.280000000    0.002446937
   98.133333333    0.002446230
   98.986666667    0.002445865
   99.840000000    0.002445826
  100.693333333    0.002446099
  101.546666667    0.002446668
  102.400000000    0.002447520
  103.253333333    0.002448638
  104.106666667    0.002450009
  104.960000000    0.002451618
  105.813333333    0.002453453
  106.666666667    0.002455501
  107.520000000    0.002457751
  108.373333333    0.002460194
  109.226666667    0.002462820
  110.080000000    0.002465622
  110.933333333    0.002468596
  111.786666667    0.002471736
  112.640000000    0.002475040
  113.493333333    0.002478506
  114.346666667    0.002482136
  115.200000000    0.002485930
  116.053333333    0.002489892
  116.906666667    0.002494027
  117.760000000    0.002498339
  118.613333333    0.002502837
  119.466666667    0.002507526
  120.320000000    0.002512416
  121.173333333    0.002517515
  122.026666667    0.002522832
  122.880000000    0.002528379
  123.733333333    0.002534163
  124.586666667    0.002540194
  125.440000000    0.002546483
  126.293333333    0.002553039
  127.146666667    0.002559869
  128.000000000    0.002566982
  128.853333333    0.002574386
  129.706666667    0.002582086
  130.560000000    0.002590089
  131.413333333    0.002598399
  132.266666667    0.002607020
  133.120000000    0.002615954
  133.973333333    0.002625203
  134.826666667    0.002634768
  135.680000000    0.002644648
  136.533333333    0.002654843
  137.386666667    0.002665349
  138.240000000    0.002676164
  139.093333333    0.002687285
  139.946666667    0.002698708
  140.800000000    0.002710428
  141.653333333    0.002722441
  142.506666667    0.002734741
  143.360000000    0.002747325
  144.213333333    0.002760187
  145.066666667    0.002773323
  145.920000000    0.002786729
  146.773333333    0.002800403
  147.626666667    0.002814342
  148.480000000    0.002828543
  149.333333333    0.002843007
  150.186666667    0.002857734
  151.040000000    0.002872725
  151.893333333    0.002887984
  152.746666667    0.002903512
  153.600000000    0.002919317
  154.453333333    0.002935403
  155.306666667    0.002951779
  156.160000000    0.002968453
  157.013333333    0.002985433
  157.866666667    0.003002732
  158.720000000    0.003020359
  159.573333333    0.003038328
  160.426666667    0.003056650
  161.280000000    0.003075338
  162.133333333    0.003094406
  162.986666667    0.003113867
  163.840000000    0.003133734
  164.693333333    0.003154020
  165.546666667    0.003174737
  166.400000000    0.003195899
  167.253333333    0.003217516
  168.106666667    0.003239598
  168.960000000    0.003262156
  169.813333333    0.003285198
  170.666666667    0.003308733
  171.520000000    0.003332765
  172.373333333    0.003357302
  173.226666667    0.003382347
  174.080000000    0.003407904
  174.933333333    0.003433976
  175.786666667    0.003460563
  176.640000000    0.003487667
  177.493333333    0.003515288
  178.346666667    0.003543426
  179.200000000    0.003572080
  180.053333333    0.003601251
  180.906666667    0.003630939
  181.760000000    0.003661143
  182.613333333    0.003691865
  183.466666667    0.003723106
  184.320000000    0.003754871
  185.173333333    0.003787162
  186.026666667    0.003819988
  186.880000000    0.003853354
  187.733333333    0.003887270
  188.586666667    0.003921748
  189.440000000    0.003956800
  190.293333333    0.003992441
  191.146666667    0.004028689
  192.000000000    0.004065561
  192.853333333    0.004103078
  193.706666667    0.004141260
  194.560000000    0.004180129
  195.413333333    0.004219710
  196.266666667    0.004260024
  197.120000000    0.004301096
  197.973333333    0.004342948
  198.826666667    0.004385603
  199.680000000    0.004429082
  200.533333333    0.004473405
  201.386666667    0.004518590
  202.240000000    0.004564652
  203.093333333    0.004611605
  203.946666667    0.004659460
  204.800000000    0.004708225
  205.653333333    0.004757906
  206.506666667    0.004808506
  207.360000000    0.004860026
  208.213333333    0.004912465
  209.066666667    0.004965821
  209.920000000    0.005020090
  210.773333333    0.005075268
  211.626666667    0.005131352
  212.480000000    0.005188341
  213.333333333    0.005246234
  214.186666667    0.005305035
  215.040000000    0.005364749
  215.893333333    0.005425389
  216.746666667    0.005486971
  217.600000000    0.005549514
  218.453333333    0.005613046
  219.306666667    0.005677598
  220.160000000    0.005743205
  221.013333333    0.005809907
  221.866666667    0.005877743
  222.720000000    0.005946755
  223.573333333    0.006016980
  224.426666667    0.006088449
  225.280000000    0.006161186
  226.133333333    0.006235201
  226.986666667    0.006310487
  227.840000000    0.006387017
  228.693333333    0.006464738
  229.546666667    0.006543569
  230.400000000    0.006623398
  231.253333333    0.006704080
  232.106666667    0.006785434
  232.960000000    0.006867246
  233.813333333    0.006949269
  234.666666667    0.007031232
  235.520000000    0.007112840
  236.373333333    0.007193788
  237.226666667    0.007273764
  238.080000000    0.007352467
  238.933333333    0.007429606
  239.786666667    0.007504908
  240.640000000    0.007578115
  241.493333333    0.007648966
  242.346666667    0.007717166
  243.200000000    0.007782319
  244.053333333    0.007843839
  244.906666667    0.007900801
  245.760000000    0.007951732
  246.613333333    0.007994325
  247.466666667    0.008025059
  248.320000000    0.008038705
  249.173333333    0.008027744
  250.026666667    0.007981698
  250.880000000    0.007886510
  251.733333333    0.007724133
  252.586666667    0.007472722
  253.440000000    0.007107986
  254.293333333    0.006606485
  255.146666667    0.005951618
  256.000000000    0.005142549
