#! FIELDS refcv.morethan targetdist
#! SET min_refcv.morethan 0.0
#! SET max_refcv.morethan 256.0
#! SET nbins_refcv.morethan  301
#! SET periodic_refcv.morethan false
    0.000000000    0.004860714
    0.853333333    0.005196993
    1.706666667    0.005389766
    2.560000000    0.005475122
    3.413333333    0.005486836
    4.266666667    0.005452190
    5.120000000    0.005391212
    5.973333333    0.005317532
    6.826666667    0.005239780
    7.680000000    0.005162966
    8.533333333    0.005089621
    9.386666667    0.005020681
   10.240000000    0.004956116
   11.093333333    0.004895371
   11.946666667    0.004837664
   12.800000000    0.004782172
   13.653333333    0.004728152
   14.506666667    0.004674999
   15.360000000    0.004622270
   16.213333333    0.004569689
   17.066666667    0.004517128
   17.920000000    0.004464582
   18.773333333    0.004412143
   19.626666667    0.004359970
   20.480000000    0.004308261
   21.333333333    0.004257229
   22.186666667    0.004207084
   23.040000000    0.004158017
   23.893333333    0.004110189
   24.746666667    0.004063725
   25.600000000    0.004018711
   26.453333333    0.003975194
   27.306666667    0.003933183
   28.160000000    0.003892653
   29.013333333    0.003853550
   29.866666667    0.003815794
   30.720000000    0.003779290
   31.573333333    0.003743927
   32.426666667    0.003709589
   33.280000000    0.003676158
   34.133333333    0.003643517
   34.986666667    0.003611555
   35.840000000    0.003580172
   36.693333333    0.003549277
   37.546666667    0.003518797
   38.400000000    0.003488668
   39.253333333    0.003458845
   40.106666667    0.003429297
   40.960000000    0.003400005
   41.813333333    0.003370966
   42.666666667    0.003342187
   43.520000000    0.003313686
   44.373333333    0.003285490
   45.226666667    0.003257630
   46.080000000    0.003230144
   46.933333333    0.003203072
   47.786666667    0.003176455
   48.640000000    0.003150335
   49.493333333    0.003124749
   50.346666667    0.003099733
   51.200000000    0.003075320
   52.053333333    0.003051536
   52.906666667    0.003028402
   53.760000000    0.003005934
   54.613333333    0.002984142
   55.466666667    0.002963030
   56.320000000    0.002942596
   57.173333333    0.002922832
   58.026666667    0.002903726
   58.880000000    0.002885263
   59.733333333    0.002867420
   60.586666667    0.002850175
   61.440000000    0.002833501
   62.293333333    0.002817370
   63.146666667    0.002801753
   64.000000000    0.002786619
   64.853333333    0.002771941
   65.706666667    0.002757688
   66.560000000    0.002743834
   67.413333333    0.002730353
   68.266666667    0.002717222
   69.120000000    0.002704420
   69.973333333    0.002691929
   70.826666667    0.002679736
   71.680000000    0.002667827
   72.533333333    0.002656196
   73.386666667    0.002644836
   74.240000000    0.002633746
   75.093333333    0.002622926
   75.946666667    0.002612381
   76.800000000    0.002602115
   77.653333333    0.002592137
   78.506666667    0.002582456
   79.360000000    0.002573084
   80.213333333    0.002564032
   81.066666667    0.002555314
   81.920000000    0.002546943
   82.773333333    0.002538931
   83.626666667    0.002531292
   84.480000000    0.002524038
   85.333333333    0.002517178
   86.186666667    0.002510724
   87.040000000    0.002504683
   87.893333333    0.002499062
   88.746666667    0.002493866
   89.600000000    0.002489098
   90.453333333    0.002484758
   91.306666667    0.002480846
   92.160000000    0.002477359
   93.013333333    0.002474291
   93.866666667    0.002471636
   94.720000000    0.002469386
   95.573333333    0.002467529
   96.426666667    0.002466056
   97.280000000    0.002464952
   98.133333333    0.002464205
   98.986666667    0.002463799
   99.840000000    0.002463720
  100.693333333    0.002463952
  101.546666667    0.002464479
  102.400000000    0.002465286
  103.253333333    0.002466359
  104.106666667    0.002467682
  104.960000000    0.002469243
  105.813333333    0.002471028
  106.666666667    0.002473026
  107.520000000    0.002475227
  108.373333333    0.002477622
  109.226666667    0.002480205
  110.080000000    0.002482970
  110.933333333    0.002485913
  111.786666667    0.002489031
  112.640000000    0.002492325
  113.493333333    0.002495795
  114.346666667    0.002499444
  115.200000000    0.002503276
  116.053333333    0.002507297
  116.906666667    0.002511512
  117.760000000    0.002515929
  118.613333333    0.002520557
  119.466666667    0.002525404
  120.320000000    0.002530480
  121.173333333    0.002535795
  122.026666667    0.002541358
  122.880000000    0.002547180
  123.733333333    0.002553268
  124.586666667    0.002559634
  125.440000000    0.002566283
  126.293333333    0.002573225
  127.146666667    0.002580466
  128.000000000    0.002588010
  128.853333333    0.002595863
  129.706666667    0.002604028
  130.560000000    0.002612506
  131.413333333    0.002621299
  132.266666667    0.002630405
  133.120000000    0.002639824
  133.973333333    0.002649552
  134.826666667    0.002659586
  135.680000000    0.002669921
  136.533333333    0.002680550
  137.386666667    0.002691469
  138.240000000    0.002702669
  139.093333333    0.002714143
  139.946666667    0.002725884
  140.800000000    0.002737885
  141.653333333    0.002750138
  142.506666667    0.002762637
  143.360000000    0.002775374
  144.213333333    0.002788346
  145.066666667    0.002801546
  145.920000000    0.002814973
  146.773333333    0.002828622
  147.626666667    0.002842495
  148.480000000    0.002856590
  149.333333333    0.002870911
  150.186666667    0.002885461
  151.040000000    0.002900246
  151.893333333    0.002915272
  152.746666667    0.002930547
  153.600000000    0.002946083
  154.453333333    0.002961889
  155.306666667    0.002977979
  156.160000000    0.002994365
  157.013333333    0.003011063
  157.866666667    0.003028087
  158.720000000    0.003045452
  159.573333333    0.003063176
  160.426666667    0.003081273
  161.280000000    0.003099759
  162.133333333    0.003118649
  162.986666667    0.003137958
  163.840000000    0.003157699
  164.693333333    0.003177885
  165.546666667    0.003198526
  166.400000000    0.003219632
  167.253333333    0.003241211
  168.106666667    0.003263270
  168.960000000    0.003285814
  169.813333333    0.003308844
  170.666666667    0.003332362
  171.520000000    0.003356368
  172.373333333    0.003380860
  173.226666667    0.003405834
  174.080000000    0.003431286
  174.933333333    0.003457209
  175.786666667    0.003483598
  176.640000000    0.003510447
  177.493333333    0.003537748
  178.346666667    0.003565495
  179.200000000    0.003593683
  180.053333333    0.003622308
  180.906666667    0.003651366
  181.760000000    0.003680857
  182.613333333    0.003710782
  183.466666667    0.003741144
  184.320000000    0.003771951
  185.173333333    0.003803211
  186.026666667    0.003834938
  186.880000000    0.003867148
  187.733333333    0.003899860
  188.586666667    0.003933096
  189.440000000    0.003966882
  190.293333333    0.004001246
  191.146666667    0.004036220
  192.000000000    0.004071835
  192.853333333    0.004108127
  193.706666667    0.004145130
  194.560000000    0.004182880
  195.413333333    0.004221412
  196.266666667    0.004260760
  197.120000000    0.004300955
  197.973333333    0.004342028
  198.826666667    0.004384004
  199.680000000    0.004426905
  200.533333333    0.004470746
  201.386666667    0.004515541
  202.240000000    0.004561295
  203.093333333    0.004608008
  203.946666667    0.004655673
  204.800000000    0.004704278
  205.653333333    0.004753805
  206.506666667    0.004804231
  207.360000000    0.004855529
  208.213333333    0.004907668
  209.066666667    0.004960614
  209.920000000    0.005014334
  210.773333333    0.005068797
  211.626666667    0.005123972
  212.480000000    0.005179834
  213.333333333    0.005236367
  214.186666667    0.005293560
  215.040000000    0.005351416
  215.893333333    0.005409947
  216.746666667    0.005469182
  217.600000000    0.005529161
  218.453333333    0.005589940
  219.306666667    0.005651588
  220.160000000    0.005714190
  221.013333333    0.005777837
  221.866666667    0.005842633
  222.720000000    0.005908682
  223.573333333    0.005976092
  224.426666667    0.006044959
  225.280000000    0.006115372
  226.133333333    0.006187395
  226.986666667    0.006261068
  227.840000000    0.006336393
  228.693333333    0.006413328
  229.546666667    0.006491782
  230.400000000    0.006571606
  231.253333333    0.006652589
  232.106666667    0.006734458
  232.960000000    0.006816878
  233.813333333    0.006899459
  234.666666667    0.006981761
  235.520000000    0.007063317
  236.373333333    0.007143647
  237.226666667    0.007222283
  238.080000000    0.007298799
  238.933333333    0.007372838
  239.786666667    0.007444142
  240.640000000    0.007512566
  241.493333333    0.007578085
  242.346666667    0.007640776
  243.200000000    0.007700763
  244.053333333    0.007758114
  244.906666667    0.007812666
  245.760000000    0.007863759
  246.613333333    0.007909848
  247.466666667    0.007947964
  248.320000000    0.007972987
  249.173333333    0.007976728
  250.026666667    0.007946836
  250.880000000    0.007865669
  251.733333333    0.007709453
  252.586666667    0.007448352
  253.440000000    0.007048559
  254.293333333    0.006477879
  255.146666667    0.005716260
  256.000000000    0.004771200
