#! FIELDS refcv.morethan targetdist
#! SET min_refcv.morethan 0.0
#! SET max_refcv.morethan 256.0
#! SET nbins_refcv.morethan  301
#! SET periodic_refcv.morethan false
    0.000000000    0.004921932
    0.853333333    0.005214124
    1.706666667    0.005385630
    2.560000000    0.005465777
    3.413333333    0.005481671
    4.266666667    0.005455448
    5.120000000    0.005403748
    5.973333333    0.005338295
    6.826666667    0.005266867
    7.680000000    0.005194294
    8.533333333    0.005123313
    9.386666667    0.005055249
   10.240000000    0.004990519
   11.093333333    0.004928999
   11.946666667    0.004870276
   12.800000000    0.004813819
   13.653333333    0.004759089
   14.506666667    0.004705605
   15.360000000    0.004652978
   16.213333333    0.004600924
   17.066666667    0.004549264
   17.920000000    0.004497908
   18.773333333    0.004446848
   19.626666667    0.004396131
   20.480000000    0.004345850
   21.333333333    0.004296118
   22.186666667    0.004247063
   23.040000000    0.004198807
   23.893333333    0.004151464
   24.746666667    0.004105131
   25.600000000    0.004059880
   26.453333333    0.004015764
   27.306666667    0.003972809
   28.160000000    0.003931020
   29.013333333    0.003890381
   29.866666667    0.003850859
   30.720000000    0.003812406
   31.573333333    0.003774961
   32.426666667    0.003738459
   33.280000000    0.003702829
   34.133333333    0.003667999
   34.986666667    0.003633898
   35.840000000    0.003600460
   36.693333333    0.003567623
   37.546666667    0.003535334
   38.400000000    0.003503547
   39.253333333    0.003472225
   40.106666667    0.003441341
   40.960000000    0.003410875
   41.813333333    0.003380816
   42.666666667    0.003351162
   43.520000000    0.003321916
   44.373333333    0.003293088
   45.226666667    0.003264693
   46.080000000    0.003236748
   46.933333333    0.003209274
   47.786666667    0.003182294
   48.640000000    0.003155829
   49.493333333    0.003129903
   50.346666667    0.003104535
   51.200000000    0.003079744
   52.053333333    0.003055545
   52.906666667    0.003031953
   53.760000000    0.003008976
   54.613333333    0.002986621
   55.466666667    0.002964888
   56.320000000    0.002943778
   57.173333333    0.002923285
   58.026666667    0.002903401
   58.880000000    0.002884114
   59.733333333    0.002865412
   60.586666667    0.002847277
   61.440000000    0.002829692
   62.293333333    0.002812638
   63.146666667    0.002796094
   64.000000000    0.002780040
   64.853333333    0.002764454
   65.706666667    0.002749316
   66.560000000    0.002734606
   67.413333333    0.002720306
   68.266666667    0.002706397
   69.120000000    0.002692864
   69.973333333    0.002679693
   70.826666667    0.002666872
   71.680000000    0.002654390
   72.533333333    0.002642240
   73.386666667    0.002630415
   74.240000000    0.002618912
   75.093333333    0.002607730
   75.946666667    0.002596867
   76.800000000    0.002586327
   77.653333333    0.002576112
   78.506666667    0.002566227
   79.360000000    0.002556678
   80.213333333    0.002547471
   81.066666667    0.002538615
   81.920000000    0.002530116
   82.773333333    0.002521983
   83.626666667    0.002514223
   84.480000000    0.002506843
   85.333333333    0.002499851
   86.186666667    0.002493253
   87.040000000    0.002487053
   87.893333333    0.002481256
   88.746666667    0.002475865
   89.600000000    0.002470882
   90.453333333    0.002466307
   91.306666667    0.002462138
   92.160000000    0.002458375
   93.013333333    0.002455011
   93.866666667    0.002452044
   94.720000000    0.002449465
   95.573333333    0.002447267
   96.426666667    0.002445440
   97.280000000    0.002443976
   98.133333333    0.002442863
   98.986666667    0.002442090
   99.840000000    0.002441643
  100.693333333    0.002441511
  101.546666667    0.002441681
  102.400000000    0.002442139
  103.253333333    0.002442873
  104.106666667    0.002443869
  104.960000000    0.002445116
  105.813333333    0.002446602
  106.666666667    0.002448316
  107.520000000    0.002450247
  108.373333333    0.002452387
  109.226666667    0.002454728
  110.080000000    0.002457262
  110.933333333    0.002459985
  111.786666667    0.002462891
  112.640000000    0.002465978
  113.493333333    0.002469244
  114.346666667    0.002472689
  115.200000000    0.002476313
  116.053333333    0.002480118
  116.906666667    0.002484109
  117.760000000    0.002488288
  118.613333333    0.002492662
  119.466666667    0.002497237
  120.320000000    0.002502019
  121.173333333    0.002507017
  122.026666667    0.002512238
  122.880000000    0.002517690
  123.733333333    0.002523383
  124.586666667    0.002529324
  125.440000000    0.002535522
  126.293333333    0.002541986
  127.146666667    0.002548724
  128.000000000    0.002555743
  128.853333333    0.002563049
  129.706666667    0.002570650
  130.560000000    0.002578551
  131.413333333    0.002586757
  132.266666667    0.002595271
  133.120000000    0.002604098
  133.973333333    0.002613238
  134.826666667    0.002622693
  135.680000000    0.002632464
  136.533333333    0.002642551
  137.386666667    0.002652951
  138.240000000    0.002663664
  139.093333333    0.002674687
  139.946666667    0.002686016
  140.800000000    0.002697649
  141.653333333    0.002709581
  142.506666667    0.002721809
  143.360000000    0.002734329
  144.213333333    0.002747136
  145.066666667    0.002760226
  145.920000000    0.002773597
  146.773333333    0.002787245
  147.626666667    0.002801169
  148.480000000    0.002815365
  149.333333333    0.002829833
  150.186666667    0.002844573
  151.040000000    0.002859586
  151.893333333    0.002874874
  152.746666667    0.002890439
  153.600000000    0.002906286
  154.453333333    0.002922420
  155.306666667    0.002938847
  156.160000000    0.002955575
  157.013333333    0.002972612
  157.866666667    0.002989966
  158.720000000    0.003007649
  159.573333333    0.003025671
  160.426666667    0.003044045
  161.280000000    0.003062781
  162.133333333    0.003081893
  162.986666667    0.003101395
  163.840000000    0.003121298
  164.693333333    0.003141616
  165.546666667    0.003162362
  166.400000000    0.003183549
  167.253333333    0.003205189
  168.106666667    0.003227293
  168.960000000    0.003249873
  169.813333333    0.003272939
  170.666666667    0.003296501
  171.520000000    0.003320566
  172.373333333    0.003345143
  173.226666667    0.003370238
  174.080000000    0.003395857
  174.933333333    0.003422005
  175.786666667    0.003448684
  176.640000000    0.003475899
  177.493333333    0.003503650
  178.346666667    0.003531941
  179.200000000    0.003560772
  180.053333333    0.003590143
  180.906666667    0.003620056
  181.760000000    0.003650511
  182.613333333    0.003681508
  183.466666667    0.003713050
  184.320000000    0.003745137
  185.173333333    0.003777773
  186.026666667    0.003810961
  186.880000000    0.003844706
  187.733333333    0.003879013
  188.586666667    0.003913891
  189.440000000    0.003949347
  190.293333333    0.003985393
  191.146666667    0.004022040
  192.000000000    0.004059302
  192.853333333    0.004097193
  193.706666667    0.004135730
  194.560000000    0.004174931
  195.413333333    0.004214814
  196.266666667    0.004255398
  197.120000000    0.004296704
  197.973333333    0.004338753
  198.826666667    0.004381565
  199.680000000    0.004425160
  200.533333333    0.004469560
  201.386666667    0.004514783
  202.240000000    0.004560847
  203.093333333    0.004607771
  203.946666667    0.004655570
  204.800000000    0.004704258
  205.653333333    0.004753848
  206.506666667    0.004804352
  207.360000000    0.004855777
  208.213333333    0.004908134
  209.066666667    0.004961427
  209.920000000    0.005015663
  210.773333333    0.005070847
  211.626666667    0.005126982
  212.480000000    0.005184073
  213.333333333    0.005242126
  214.186666667    0.005301146
  215.040000000    0.005361141
  215.893333333    0.005422120
  216.746666667    0.005484093
  217.600000000    0.005547075
  218.453333333    0.005611081
  219.306666667    0.005676128
  220.160000000    0.005742237
  221.013333333    0.005809427
  221.866666667    0.005877718
  222.720000000    0.005947129
  223.573333333    0.006017675
  224.426666667    0.006089367
  225.280000000    0.006162208
  226.133333333    0.006236193
  226.986666667    0.006311303
  227.840000000    0.006387504
  228.693333333    0.006464747
  229.546666667    0.006542960
  230.400000000    0.006622052
  231.253333333    0.006701907
  232.106666667    0.006782388
  232.960000000    0.006863330
  233.813333333    0.006944551
  234.666666667    0.007025845
  235.520000000    0.007106990
  236.373333333    0.007187752
  237.226666667    0.007267885
  238.080000000    0.007347138
  238.933333333    0.007425250
  239.786666667    0.007501951
  240.640000000    0.007576941
  241.493333333    0.007649876
  242.346666667    0.007720317
  243.200000000    0.007787674
  244.053333333    0.007851105
  244.906666667    0.007909380
  245.760000000    0.007960696
  246.613333333    0.008002422
  247.466666667    0.008030773
  248.320000000    0.008040407
  249.173333333    0.008023952
  250.026666667    0.007971498
  250.880000000    0.007870146
  251.733333333    0.007703774
  252.586666667    0.007453306
  253.440000000    0.007097920
  254.293333333    0.006617753
  255.146666667    0.005998653
  256.000000000    0.005239123
