#! FIELDS refcv.morethan targetdist
#! SET min_refcv.morethan 0.0
#! SET max_refcv.morethan 256.0
#! SET nbins_refcv.morethan  301
#! SET periodic_refcv.morethan false
    0.000000000    0.005084218
    0.853333333    0.005425245
    1.706666667    0.005619236
    2.560000000    0.005703420
    3.413333333    0.005712392
    4.266666667    0.005674017
    5.120000000    0.005608723
    5.973333333    0.005530412
    6.826666667    0.005447896
    7.680000000    0.005366293
    8.533333333    0.005288201
    9.386666667    0.005214586
   10.240000000    0.005145433
   11.093333333    0.005080186
   11.946666667    0.005018058
   12.800000000    0.004958219
   13.653333333    0.004899918
   14.506666667    0.004842540
   15.360000000    0.004785641
   16.213333333    0.004728938
   17.066666667    0.004672301
   17.920000000    0.004615727
   18.773333333    0.004559307
   19.626666667    0.004503200
   20.480000000    0.004447607
   21.333333333    0.004392743
   22.186666667    0.004338819
   23.040000000    0.004286028
   23.893333333    0.004234534
   24.746666667    0.004184462
   25.600000000    0.004135901
   26.453333333    0.004088898
   27.306666667    0.004043463
   28.160000000    0.003999572
   29.013333333    0.003957171
   29.866666667    0.003916183
   30.720000000    0.003876513
   31.573333333    0.003838051
   32.426666667    0.003800682
   33.280000000    0.003764288
   34.133333333    0.003728755
   34.986666667    0.003693972
   35.840000000    0.003659840
   36.693333333    0.003626270
   37.546666667    0.003593188
   38.400000000    0.003560533
   39.253333333    0.003528260
   40.106666667    0.003496335
   40.960000000    0.003464744
   41.813333333    0.003433481
   42.666666667    0.003402552
   43.520000000    0.003371976
   44.373333333    0.003341776
   45.226666667    0.003311984
   46.080000000    0.003282636
   46.933333333    0.003253768
   47.786666667    0.003225421
   48.640000000    0.003197632
   49.493333333    0.003170438
   50.346666667    0.003143871
   51.200000000    0.003117960
   52.053333333    0.003092728
   52.906666667    0.003068195
   53.760000000    0.003044373
   54.613333333    0.003021268
   55.466666667    0.002998882
   56.320000000    0.002977209
   57.173333333    0.002956240
   58.026666667    0.002935959
   58.880000000    0.002916347
   59.733333333    0.002897382
   60.586666667    0.002879036
   61.440000000    0.002861282
   62.293333333    0.002844090
   63.146666667    0.002827428
   64.000000000    0.002811266
   64.853333333    0.002795571
   65.706666667    0.002780315
   66.560000000    0.002765469
   67.413333333    0.002751006
   68.266666667    0.002736903
   69.120000000    0.002723138
   69.973333333    0.002709694
   70.826666667    0.002696555
   71.680000000    0.002683709
   72.533333333    0.002671149
   73.386666667    0.002658870
   74.240000000    0.002646870
   75.093333333    0.002635149
   75.946666667    0.002623713
   76.800000000    0.002612567
   77.653333333    0.002601721
   78.506666667    0.002591183
   79.360000000    0.002580968
   80.213333333    0.002571087
   81.066666667    0.002561554
   81.920000000    0.002552383
   82.773333333    0.002543589
   83.626666667    0.002535183
   84.480000000    0.002527181
   85.333333333    0.002519591
   86.186666667    0.002512427
   87.040000000    0.002505695
   87.893333333    0.002499404
   88.746666667    0.002493559
   89.600000000    0.002488162
   90.453333333    0.002483215
   91.306666667    0.002478718
   92.160000000    0.002474667
   93.013333333    0.002471057
   93.866666667    0.002467882
   94.720000000    0.002465131
   95.573333333    0.002462796
   96.426666667    0.002460864
   97.280000000    0.002459321
   98.133333333    0.002458153
   98.986666667    0.002457344
   99.840000000    0.002456879
  100.693333333    0.002456741
  101.546666667    0.002456912
  102.400000000    0.002457376
  103.253333333    0.002458117
  104.106666667    0.002459119
  104.960000000    0.002460366
  105.813333333    0.002461845
  106.666666667    0.002463543
  107.520000000    0.002465447
  108.373333333    0.002467547
  109.226666667    0.002469835
  110.080000000    0.002472304
  110.933333333    0.002474947
  111.786666667    0.002477762
  112.640000000    0.002480746
  113.493333333    0.002483900
  114.346666667    0.002487224
  115.200000000    0.002490722
  116.053333333    0.002494398
  116.906666667    0.002498257
  117.760000000    0.002502307
  118.613333333    0.002506556
  119.466666667    0.002511011
  120.320000000    0.002515683
  121.173333333    0.002520582
  122.026666667    0.002525716
  122.880000000    0.002531097
  123.733333333    0.002536734
  124.586666667    0.002542638
  125.440000000    0.002548816
  126.293333333    0.002555278
  127.146666667    0.002562032
  128.000000000    0.002569084
  128.853333333    0.002576439
  129.706666667    0.002584103
  130.560000000    0.002592079
  131.413333333    0.002600369
  132.266666667    0.002608975
  133.120000000    0.002617895
  133.973333333    0.002627129
  134.826666667    0.002636674
  135.680000000    0.002646528
  136.533333333    0.002656684
  137.386666667    0.002667138
  138.240000000    0.002677884
  139.093333333    0.002688916
  139.946666667    0.002700227
  140.800000000    0.002711810
  141.653333333    0.002723657
  142.506666667    0.002735763
  143.360000000    0.002748120
  144.213333333    0.002760724
  145.066666667    0.002773568
  145.920000000    0.002786648
  146.773333333    0.002799963
  147.626666667    0.002813509
  148.480000000    0.002827286
  149.333333333    0.002841294
  150.186666667    0.002855537
  151.040000000    0.002870017
  151.893333333    0.002884739
  152.746666667    0.002899712
  153.600000000    0.002914941
  154.453333333    0.002930438
  155.306666667    0.002946212
  156.160000000    0.002962276
  157.013333333    0.002978642
  157.866666667    0.002995325
  158.720000000    0.003012337
  159.573333333    0.003029695
  160.426666667    0.003047413
  161.280000000    0.003065506
  162.133333333    0.003083989
  162.986666667    0.003102875
  163.840000000    0.003122179
  164.693333333    0.003141914
  165.546666667    0.003162091
  166.400000000    0.003182720
  167.253333333    0.003203811
  168.106666667    0.003225372
  168.960000000    0.003247408
  169.813333333    0.003269925
  170.666666667    0.003292925
  171.520000000    0.003316410
  172.373333333    0.003340379
  173.226666667    0.003364832
  174.080000000    0.003389766
  174.933333333    0.003415178
  175.786666667    0.003441062
  176.640000000    0.003467414
  177.493333333    0.003494228
  178.346666667    0.003521501
  179.200000000    0.003549226
  180.053333333    0.003577401
  180.906666667    0.003606021
  181.760000000    0.003635087
  182.613333333    0.003664598
  183.466666667    0.003694558
  184.320000000    0.003724969
  185.173333333    0.003755842
  186.026666667    0.003787185
  186.880000000    0.003819011
  187.733333333    0.003851337
  188.586666667    0.003884182
  189.440000000    0.003917568
  190.293333333    0.003951519
  191.146666667    0.003986061
  192.000000000    0.004021225
  192.853333333    0.004057041
  193.706666667    0.004093540
  194.560000000    0.004130756
  195.413333333    0.004168720
  196.266666667    0.004207466
  197.120000000    0.004247023
  197.973333333    0.004287421
  198.826666667    0.004328686
  199.680000000    0.004370842
  200.533333333    0.004413907
  201.386666667    0.004457898
  202.240000000    0.004502823
  203.093333333    0.004548689
  203.946666667    0.004595496
  204.800000000    0.004643239
  205.653333333    0.004691908
  206.506666667    0.004741488
  207.360000000    0.004791961
  208.213333333    0.004843304
  209.066666667    0.004895494
  209.920000000    0.004948505
  210.773333333    0.005002313
  211.626666667    0.005056895
  212.480000000    0.005112231
  213.333333333    0.005168305
  214.186666667    0.005225111
  215.040000000    0.005282649
  215.893333333    0.005340928
  216.746666667    0.005399969
  217.600000000    0.005459804
  218.453333333    0.005520477
  219.306666667    0.005582043
  220.160000000    0.005644567
  221.013333333    0.005708124
  221.866666667    0.005772796
  222.720000000    0.005838666
  223.573333333    0.005905818
  224.426666667    0.005974331
  225.280000000    0.006044271
  226.133333333    0.006115688
  226.986666667    0.006188609
  227.840000000    0.006263028
  228.693333333    0.006338902
  229.546666667    0.006416147
  230.400000000    0.006494628
  231.253333333    0.006574157
  232.106666667    0.006654494
  232.960000000    0.006735346
  233.813333333    0.006816369
  234.666666667    0.006897183
  235.520000000    0.006977378
  236.373333333    0.007056534
  237.226666667    0.007134240
  238.080000000    0.007210118
  238.933333333    0.007283843
  239.786666667    0.007355167
  240.640000000    0.007423931
  241.493333333    0.007490062
  242.346666667    0.007553553
  243.200000000    0.007614409
  244.053333333    0.007672541
  244.906666667    0.007727610
  245.760000000    0.007778767
  246.613333333    0.007824304
  247.466666667    0.007861149
  248.320000000    0.007884211
  249.173333333    0.007885547
  250.026666667    0.007853384
  250.880000000    0.007771129
  251.733333333    0.007616628
  252.586666667    0.007362266
  253.440000000    0.006976818
  254.293333333    0.006430364
  255.146666667    0.005703511
  256.000000000    0.004801015
