#! FIELDS refcv.morethan targetdist
#! SET min_refcv.morethan 0.0
#! SET max_refcv.morethan 256.0
#! SET nbins_refcv.morethan  301
#! SET periodic_refcv.morethan false
    0.000000000    0.005207422
    0.853333333    0.005544075
    1.706666667    0.005737530
    2.560000000    0.005823169
    3.413333333    0.005833984
    4.266666667    0.005796790
    5.120000000    0.005731496
    5.973333333    0.005651872
    6.826666667    0.005566828
    7.680000000    0.005481707
    8.533333333    0.005399370
    9.386666667    0.005321046
   10.240000000    0.005246947
   11.093333333    0.005176713
   11.946666667    0.005109702
   12.800000000    0.005045191
   13.653333333    0.004982496
   14.506666667    0.004921038
   15.360000000    0.004860378
   16.213333333    0.004800221
   17.066666667    0.004740409
   17.920000000    0.004680898
   18.773333333    0.004621740
   19.626666667    0.004563050
   20.480000000    0.004504989
   21.333333333    0.004447738
   22.186666667    0.004391478
   23.040000000    0.004336381
   23.893333333    0.004282597
   24.746666667    0.004230244
   25.600000000    0.004179409
   26.453333333    0.004130144
   27.306666667    0.004082467
   28.160000000    0.004036366
   29.013333333    0.003991801
   29.866666667    0.003948711
   30.720000000    0.003907015
   31.573333333    0.003866619
   32.426666667    0.003827421
   33.280000000    0.003789317
   34.133333333    0.003752199
   34.986666667    0.003715967
   35.840000000    0.003680523
   36.693333333    0.003645781
   37.546666667    0.003611665
   38.400000000    0.003578110
   39.253333333    0.003545063
   40.106666667    0.003512484
   40.960000000    0.003480344
   41.813333333    0.003448628
   42.666666667    0.003417328
   43.520000000    0.003386448
   44.373333333    0.003355998
   45.226666667    0.003325994
   46.080000000    0.003296459
   46.933333333    0.003267416
   47.786666667    0.003238894
   48.640000000    0.003210918
   49.493333333    0.003183516
   50.346666667    0.003156711
   51.200000000    0.003130527
   52.053333333    0.003104981
   52.906666667    0.003080089
   53.760000000    0.003055862
   54.613333333    0.003032304
   55.466666667    0.003009418
   56.320000000    0.002987201
   57.173333333    0.002965646
   58.026666667    0.002944742
   58.880000000    0.002924473
   59.733333333    0.002904823
   60.586666667    0.002885770
   61.440000000    0.002867293
   62.293333333    0.002849367
   63.146666667    0.002831968
   64.000000000    0.002815070
   64.853333333    0.002798648
   65.706666667    0.002782679
   66.560000000    0.002767137
   67.413333333    0.002752003
   68.266666667    0.002737255
   69.120000000    0.002722876
   69.973333333    0.002708851
   70.826666667    0.002695168
   71.680000000    0.002681814
   72.533333333    0.002668785
   73.386666667    0.002656074
   74.240000000    0.002643679
   75.093333333    0.002631601
   75.946666667    0.002619842
   76.800000000    0.002608408
   77.653333333    0.002597303
   78.506666667    0.002586537
   79.360000000    0.002576118
   80.213333333    0.002566057
   81.066666667    0.002556364
   81.920000000    0.002547049
   82.773333333    0.002538125
   83.626666667    0.002529602
   84.480000000    0.002521489
   85.333333333    0.002513795
   86.186666667    0.002506530
   87.040000000    0.002499699
   87.893333333    0.002493307
   88.746666667    0.002487360
   89.600000000    0.002481858
   90.453333333    0.002476801
   91.306666667    0.002472189
   92.160000000    0.002468018
   93.013333333    0.002464283
   93.866666667    0.002460976
   94.720000000    0.002458089
   95.573333333    0.002455613
   96.426666667    0.002453536
   97.280000000    0.002451845
   98.133333333    0.002450526
   98.986666667    0.002449565
   99.840000000    0.002448946
  100.693333333    0.002448655
  101.546666667    0.002448674
  102.400000000    0.002448988
  103.253333333    0.002449581
  104.106666667    0.002450438
  104.960000000    0.002451544
  105.813333333    0.002452885
  106.666666667    0.002454448
  107.520000000    0.002456221
  108.373333333    0.002458194
  109.226666667    0.002460356
  110.080000000    0.002462701
  110.933333333    0.002465222
  111.786666667    0.002467914
  112.640000000    0.002470775
  113.493333333    0.002473803
  114.346666667    0.002476997
  115.200000000    0.002480360
  116.053333333    0.002483894
  116.906666667    0.002487604
  117.760000000    0.002491496
  118.613333333    0.002495575
  119.466666667    0.002499850
  120.320000000    0.002504329
  121.173333333    0.002509020
  122.026666667    0.002513933
  122.880000000    0.002519078
  123.733333333    0.002524465
  124.586666667    0.002530102
  125.440000000    0.002536000
  126.293333333    0.002542167
  127.146666667    0.002548613
  128.000000000    0.002555344
  128.853333333    0.002562368
  129.706666667    0.002569690
  130.560000000    0.002577317
  131.413333333    0.002585253
  132.266666667    0.002593499
  133.120000000    0.002602060
  133.973333333    0.002610934
  134.826666667    0.002620124
  135.680000000    0.002629627
  136.533333333    0.002639441
  137.386666667    0.002649564
  138.240000000    0.002659991
  139.093333333    0.002670720
  139.946666667    0.002681744
  140.800000000    0.002693059
  141.653333333    0.002704660
  142.506666667    0.002716540
  143.360000000    0.002728694
  144.213333333    0.002741117
  145.066666667    0.002753804
  145.920000000    0.002766751
  146.773333333    0.002779954
  147.626666667    0.002793410
  148.480000000    0.002807116
  149.333333333    0.002821073
  150.186666667    0.002835280
  151.040000000    0.002849737
  151.893333333    0.002864449
  152.746666667    0.002879418
  153.600000000    0.002894650
  154.453333333    0.002910149
  155.306666667    0.002925925
  156.160000000    0.002941986
  157.013333333    0.002958340
  157.866666667    0.002974998
  158.720000000    0.002991973
  159.573333333    0.003009275
  160.426666667    0.003026916
  161.280000000    0.003044911
  162.133333333    0.003063272
  162.986666667    0.003082012
  163.840000000    0.003101144
  164.693333333    0.003120681
  165.546666667    0.003140635
  166.400000000    0.003161017
  167.253333333    0.003181839
  168.106666667    0.003203111
  168.960000000    0.003224841
  169.813333333    0.003247038
  170.666666667    0.003269708
  171.520000000    0.003292858
  172.373333333    0.003316493
  173.226666667    0.003340616
  174.080000000    0.003365230
  174.933333333    0.003390337
  175.786666667    0.003415938
  176.640000000    0.003442034
  177.493333333    0.003468624
  178.346666667    0.003495709
  179.200000000    0.003523288
  180.053333333    0.003551362
  180.906666667    0.003579930
  181.760000000    0.003608994
  182.613333333    0.003638557
  183.466666667    0.003668620
  184.320000000    0.003699189
  185.173333333    0.003730269
  186.026666667    0.003761869
  186.880000000    0.003793998
  187.733333333    0.003826667
  188.586666667    0.003859890
  189.440000000    0.003893681
  190.293333333    0.003928059
  191.146666667    0.003963042
  192.000000000    0.003998650
  192.853333333    0.004034906
  193.706666667    0.004071832
  194.560000000    0.004109452
  195.413333333    0.004147791
  196.266666667    0.004186871
  197.120000000    0.004226718
  197.973333333    0.004267354
  198.826666667    0.004308800
  199.680000000    0.004351077
  200.533333333    0.004394202
  201.386666667    0.004438190
  202.240000000    0.004483055
  203.093333333    0.004528806
  203.946666667    0.004575450
  204.800000000    0.004622990
  205.653333333    0.004671427
  206.506666667    0.004720758
  207.360000000    0.004770979
  208.213333333    0.004822084
  209.066666667    0.004874064
  209.920000000    0.004926910
  210.773333333    0.004980615
  211.626666667    0.005035171
  212.480000000    0.005090573
  213.333333333    0.005146820
  214.186666667    0.005203913
  215.040000000    0.005261860
  215.893333333    0.005320674
  216.746666667    0.005380375
  217.600000000    0.005440991
  218.453333333    0.005502553
  219.306666667    0.005565103
  220.160000000    0.005628685
  221.013333333    0.005693350
  221.866666667    0.005759150
  222.720000000    0.005826138
  223.573333333    0.005894363
  224.426666667    0.005963868
  225.280000000    0.006034686
  226.133333333    0.006106833
  226.986666667    0.006180307
  227.840000000    0.006255081
  228.693333333    0.006331097
  229.546666667    0.006408266
  230.400000000    0.006486459
  231.253333333    0.006565508
  232.106666667    0.006645205
  232.960000000    0.006725301
  233.813333333    0.006805512
  234.666666667    0.006885521
  235.520000000    0.006964991
  236.373333333    0.007043572
  237.226666667    0.007120917
  238.080000000    0.007196692
  238.933333333    0.007270592
  239.786666667    0.007342350
  240.640000000    0.007411736
  241.493333333    0.007478551
  242.346666667    0.007542594
  243.200000000    0.007603607
  244.053333333    0.007661178
  244.906666667    0.007714596
  245.760000000    0.007762634
  246.613333333    0.007803247
  247.466666667    0.007833167
  248.320000000    0.007847372
  249.173333333    0.007838444
  250.026666667    0.007795827
  250.880000000    0.007705110
  251.733333333    0.007547522
  252.586666667    0.007300078
  253.440000000    0.006937007
  254.293333333    0.006433361
  255.146666667    0.005771710
  256.000000000    0.004952130
