#! FIELDS refcv.morethan b1.bias der_refcv.morethan
#! SET min_refcv.morethan 0.0
#! SET max_refcv.morethan 250.0
#! SET nbins_refcv.morethan  301
#! SET periodic_refcv.morethan false
    0.000000000 -187.593083057 -133.388494531
    0.833333333  -91.607856918  -98.472921137
    1.666666667  -21.244001329  -71.589001824
    2.500000000   29.470386298  -51.063174194
    3.333333333   65.247332129  -35.535773607
    4.166666667   89.777974942  -23.908231175
    5.000000000  105.930941810  -15.298214932
    5.833333333  115.916276819   -9.001649506
    6.666666667  121.420255727   -4.460676182
    7.500000000  123.715685795   -1.236728547
    8.333333333  123.751645627    1.011999863
    9.166666667  122.226055258    2.549329181
   10.000000000  119.643973150    3.576660937
   10.833333333  116.364086415    4.245821303
   11.666666667  112.635486366    4.669597841
   12.500000000  108.626497013    4.930331689
   13.333333333  104.447043583    5.086877570
   14.166666667  100.165806410    5.180200354
   15.000000000   95.823197889    5.237838578
   15.833333333   91.441022549    5.277431683
   16.666666667   87.029528816    5.309478372
   17.500000000   82.592432477    5.339467831
   18.333333333   78.130383237    5.369503340
   19.166666667   73.643254348    5.399518502
   20.000000000   69.131558916    5.428169676
   20.833333333   64.597232915    5.453473919
   21.666666667   60.043972432    5.473249464
   22.500000000   55.477269609    5.485405361
   23.333333333   50.904256694    5.488118011
   24.166666667   46.333439353    5.479924873
   25.000000000   41.774377877    5.459759367
   25.833333333   37.237357129    5.426945726
   26.666666667   32.733072309    5.381168286
   27.500000000   28.272347073    5.322426092
   28.333333333   23.865892711    5.250980876
   29.166666667   19.524111414    5.167304077
   30.000000000   15.256942662    5.072026798
   30.833333333   11.073749238    4.965895097
   31.666666667    6.983237767    4.849731940
   32.500000000    2.993408001    4.724406310
   33.333333333   -0.888475124    4.590809368
   34.166666667   -4.655892321    4.449837134
   35.000000000   -8.303068816    4.302378922
   35.833333333  -11.824965647    4.149310593
   36.666666667  -15.217267003    3.991491625
   37.500000000  -18.476366374    3.829765036
   38.333333333  -21.599353500    3.664959232
   39.166666667  -24.584003370    3.497890944
   40.000000000  -27.428767871    3.329368553
   40.833333333  -30.132770159    3.160195193
   41.666666667  -32.695801357    2.991171183
   42.500000000  -35.118318881    2.823095441
   43.333333333  -37.401445436    2.656765662
   44.166666667  -39.546967600    2.492977138
   45.000000000  -41.557332856    2.332520209
   45.833333333  -43.435643943    2.176176401
   46.666666667  -45.185649479    2.024713368
   47.500000000  -46.811729940    1.878878827
   48.333333333  -48.318878233    1.739393697
   49.166666667  -49.712674297    1.606944673
   50.000000000  -50.999253382    1.482176493
   50.833333333  -52.185267829    1.365684156
   51.666666667  -53.277842437    1.258005325
   52.500000000  -54.284523656    1.159613152
   53.333333333  -55.213223059    1.070909747
   54.166666667  -56.072155688    0.992220454
   55.000000000  -56.869774036    0.923789108
   55.833333333  -57.614698518    0.865774377
   56.666666667  -58.315645393    0.818247306
   57.500000000  -58.981353145    0.781190090
   58.333333333  -59.620508369    0.754496123
   59.166666667  -60.241672232    0.737971299
   60.000000000  -60.853208530    0.731336551
   60.833333333  -61.463214343    0.734231545
   61.666666667  -62.079454238    0.746219458
   62.500000000  -62.709298858    0.766792736
   63.333333333  -63.359668682    0.795379702
   64.166666667  -64.036983601    0.831351899
   65.000000000  -64.747118865    0.874032009
   65.833333333  -65.495367827    0.922702217
   66.666666667  -66.286411782    0.976612857
   67.500000000  -67.124297086    1.034991210
   68.333333333  -68.012419610    1.097050295
   69.166666667  -68.953516480    1.161997525
   70.000000000  -69.949664924    1.229043099
   70.833333333  -71.002287959    1.297408016
   71.666666667  -72.112166568    1.366331599
   72.500000000  -73.279457906    1.435078451
   73.333333333  -74.503719044    1.502944751
   74.166666667  -75.783935657    1.569263850
   75.000000000  -77.118555075    1.633411098
   75.833333333  -78.505523016    1.694807894
   76.666666667  -79.942323373    1.752924929
   77.500000000  -81.426020365    1.807284629
   78.333333333  -82.953302384    1.857462805
   79.166666667  -84.520526914    1.903089543
   80.000000000  -86.123765866    1.943849359
   80.833333333  -87.758850774    1.979480680
   81.666666667  -89.421417273    2.009774692
   82.500000000  -91.106948398    2.034573628
   83.333333333  -92.810816221    2.053768549
   84.166666667  -94.528321480    2.067296711
   85.000000000  -96.254730842    2.075138571
   85.833333333  -97.985311562    2.077314516
   86.666666667  -99.715363322    2.073881392
   87.500000000 -101.440247120    2.064928898
   88.333333333 -103.155411117    2.050575925
   89.166666667 -104.856413442    2.030966890
   90.000000000 -106.538941955    2.006268145
   90.833333333 -108.198831070    1.976664497
   91.666666667 -109.832075744    1.942355907
   92.500000000 -111.434842794    1.903554385
   93.333333333 -113.003479736    1.860481142
   94.166666667 -114.534521353    1.813364003
   95.000000000 -116.024694233    1.762435112
   95.833333333 -117.470919512    1.707928940
   96.666666667 -118.870314090    1.650080589
   97.500000000 -120.220190557    1.589124407
   98.333333333 -121.518056089    1.525292889
   99.166666667 -122.761610536    1.458815850
  100.000000000 -123.948743942    1.389919861
  100.833333333 -125.077533683    1.318827911
  101.666666667 -126.146241411    1.245759263
  102.500000000 -127.153309953    1.170929490
  103.333333333 -128.097360289    1.094550627
  104.166666667 -128.977188712    1.016831437
  105.000000000 -129.791764228    0.937977722
  105.833333333 -130.540226232    0.858192671
  106.666666667 -131.221882466    0.777677185
  107.500000000 -131.836207244    0.696630171
  108.333333333 -132.382839875    0.615248748
  109.166666667 -132.861583239    0.533728363
  110.000000000 -133.272402386    0.452262778
  110.833333333 -133.615423088    0.371043912
  111.666666667 -133.890930176    0.290261528
  112.500000000 -134.099365556    0.210102751
  113.333333333 -134.241325756    0.130751418
  114.166666667 -134.317558847    0.052387253
  115.000000000 -134.328960622   -0.024815119
  115.833333333 -134.276569880   -0.100687307
  116.666666667 -134.161562711   -0.175068430
  117.500000000 -133.985245662   -0.247806506
  118.333333333 -133.749047715   -0.318759930
  119.166666667 -133.454510997   -0.387799016
  120.000000000 -133.103280200   -0.454807562
  120.833333333 -132.697090684   -0.519684416
  121.666666667 -132.237755303   -0.582345002
  122.500000000 -131.727149979   -0.642722760
  123.333333333 -131.167198126   -0.700770477
  124.166666667 -130.559854030   -0.756461463
  125.000000000 -129.907085316   -0.809790534
  125.833333333 -129.210854690   -0.860774784
  126.666666667 -128.473101152   -0.909454086
  127.500000000 -127.695720888   -0.955891325
  128.333333333 -126.880548109   -1.000172320
  129.166666667 -126.029336083   -1.042405422
  130.000000000 -125.143738638   -1.082720777
  130.833333333 -124.225292438   -1.121269234
  131.666666667 -123.275400291   -1.158220922
  132.500000000 -122.295315806   -1.193763466
  133.333333333 -121.286129671   -1.228099878
  134.166666667 -120.248757812   -1.261446142
  135.000000000 -119.183931700   -1.294028493
  135.833333333 -118.092191028   -1.326080446
  136.666666667 -116.973878962   -1.357839602
  137.500000000 -115.829140134   -1.389544270
  138.333333333 -114.657921504   -1.421429955
  139.166666667 -113.459976190   -1.453725773
  140.000000000 -112.234870302   -1.486650827
  140.833333333 -110.981992778   -1.520410634
  141.666666667 -109.700568170   -1.555193632
  142.500000000 -108.389672276   -1.591167857
  143.333333333 -107.048250456   -1.628477830
  144.166666667 -105.675138423   -1.667241731
  145.000000000 -104.269085260   -1.707548917
  145.833333333 -102.828778335   -1.749457830
  146.666666667 -101.352869781   -1.792994362
  147.500000000  -99.840004131   -1.838150713
  148.333333333  -98.288846686   -1.884884785
  149.166666667  -96.698112150   -1.933120151
  150.000000000  -95.066593050   -1.982746611
  150.833333333  -93.393187432   -2.033621364
  151.666666667  -91.676925326   -2.085570792
  152.500000000  -89.916993476   -2.138392859
  153.333333333  -88.112757812   -2.191860094
  154.166666667  -86.263783203   -2.245723156
  155.000000000  -84.369850013   -2.299714918
  155.833333333  -82.430967053   -2.353555036
  156.666666667  -80.447380543   -2.406954932
  157.500000000  -78.419578772   -2.459623136
  158.333333333  -76.348292188   -2.511270884
  159.166666667  -74.234488745   -2.561617904
  160.000000000  -72.079364381   -2.610398280
  160.833333333  -69.884328620   -2.657366292
  161.666666667  -67.650985346   -2.702302129
  162.500000000  -65.381108912   -2.745017359
  163.333333333  -63.076615838   -2.785360034
  164.166666667  -60.739532434   -2.823219335
  165.000000000  -58.371958788   -2.858529630
  165.833333333  -55.976029658   -2.891273847
  166.666666667  -53.553872870   -2.921486054
  167.500000000  -51.107565924   -2.949253170
  168.333333333  -48.639091575   -2.974715710
  169.166666667  -46.150293206   -2.998067515
  170.000000000  -43.642830876   -3.019554404
  170.833333333  -41.118138952   -3.039471720
  171.666666667  -38.577386247   -3.058160762
  172.500000000  -36.021439594   -3.076004106
  173.333333333  -33.450831784   -3.093419839
  174.166666667  -30.865734725   -3.110854772
  175.000000000  -28.265938669   -3.128776706
  175.833333333  -25.650838243   -3.147665846
  176.666666667  -23.019425945   -3.168005495
  177.500000000  -20.370293640   -3.190272178
  178.333333333  -17.701642474   -3.214925367
  179.166666667  -15.011301442   -3.242396996
  180.000000000  -12.296754711   -3.273080984
  180.833333333   -9.555177592   -3.307322989
  181.666666667   -6.783480876   -3.345410627
  182.500000000   -3.978363030   -3.387564420
  183.333333333   -1.136369555   -3.433929707
  184.166666667    1.746041400   -3.484569776
  185.000000000    4.672428311   -3.539460465
  185.833333333    7.646291735   -3.598486466
  186.666666667   10.670997465   -3.661439530
  187.500000000   13.749699064   -3.728018789
  188.333333333   16.885261594   -3.797833330
  189.166666667   20.080188469   -3.870407147
  190.000000000   23.336553469   -3.945186561
  190.833333333   26.655939954   -4.021550101
  191.666666667   30.039389352   -4.098820849
  192.500000000   33.487360906   -4.176281124
  193.333333333   36.999704594   -4.253189350
  194.166666667   40.575648934   -4.328798883
  195.000000000   44.213805183   -4.402378470
  195.833333333   47.912189143   -4.473233975
  196.666666667   51.668261436   -4.540730889
  197.500000000   55.478986683   -4.604317114
  198.333333333   59.340911584   -4.663545407
  199.166666667   63.250261319   -4.718094824
  200.000000000   67.203053165   -4.767790440
  200.833333333   71.195225559   -4.812620602
  201.666666667   75.222780247   -4.852750907
  202.500000000   79.281934428   -4.888534132
  203.333333333   83.369279226   -4.920515310
  204.166666667   87.481940092   -4.949431211
  205.000000000   91.617734212   -4.976203532
  205.833333333   95.775319399   -5.001925201
  206.666666667   99.954328534   -5.027839303
  207.500000000  104.155483251   -5.055310316
  208.333333333  108.380680398   -5.085787522
  209.166666667  112.633044763   -5.120760690
  210.000000000  116.916941780   -5.161708399
  210.833333333  121.237944318   -5.210039680
  211.666666667  125.602748397   -5.267029985
  212.500000000  130.019033645   -5.333752868
  213.333333333  134.495265649   -5.411009179
  214.166666667  139.040439013   -5.499255969
  215.000000000  143.663761954   -5.598537749
  215.833333333  148.374285642   -5.708423176
  216.666666667  153.180484241   -5.827950649
  217.500000000  158.089794643   -5.955586659
  218.333333333  163.108128256   -6.089201067
  219.166666667  168.239370752   -6.226063690
  220.000000000  173.484889405   -6.362866668
  220.833333333  178.843071346   -6.495777019
  221.666666667  184.308919641   -6.620523491
  222.500000000  189.873737275   -6.732521246
  223.333333333  195.524931783   -6.827037023
  224.166666667  201.245974876   -6.899396094
  225.000000000  207.016551854   -6.945230501
  225.833333333  212.812934159   -6.960765636
  226.666666667  218.608604736   -6.943139073
  227.500000000  224.375159179   -6.890741572
  228.333333333  230.083495251   -6.803565165
  229.166666667  235.705288287   -6.683537081
  230.000000000  241.214729294   -6.534810789
  230.833333333  246.590474923   -6.363976316
  231.666666667  251.817722613   -6.180141195
  232.500000000  256.890278386   -5.994820452
  233.333333333  261.812427315   -5.821558783
  234.166666667  266.600345314   -5.675190140
  235.000000000  271.282703457   -5.570618977
  235.833333333  275.900009625   -5.520983007
  236.666666667  280.502104006   -5.535029043
  237.500000000  285.143071333   -5.613500869
  238.333333333  289.872649961   -5.744300569
  239.166666667  294.723001478   -5.896141699
  240.000000000  299.689449930   -6.010363581
  240.833333333  304.703501233   -5.990519977
  241.666666667  309.596105176   -5.689291811
  242.500000000  314.048717666   -4.892201505
  243.333333333  317.529252304   -3.297525033
  244.166666667  319.209469555   -0.491705878
  245.000000000  317.859729681    4.080528340
  245.833333333  311.716322151   11.152261951
  246.666666667  298.315768149   21.677745584
  247.500000000  274.289561990   36.884199994
  248.333333333  235.111758043   58.333423165
  249.166666667  174.790607390   87.994735846
  250.000000000   85.494086606  128.331002383
