#! FIELDS refcv.morethan b1.fes
#! SET min_refcv.morethan 0.0
#! SET max_refcv.morethan 250.0
#! SET nbins_refcv.morethan  301
#! SET periodic_refcv.morethan false
    0.000000000  631.079180338
    0.833333333  510.018336652
    1.666666667  424.579480450
    2.500000000  365.490597578
    3.333333333  325.644239406
    4.166666667  299.649259239
    5.000000000  283.464430046
    5.833333333  274.100791071
    6.666666667  269.381424397
    7.500000000  267.748987518
    8.333333333  268.112748805
    9.166666667  269.728111976
   10.000000000  272.102693279
   10.833333333  274.923949502
   11.666666667  278.004162440
   12.500000000  281.239281067
   13.333333333  284.578719591
   14.166666667  288.003719873
   15.000000000  291.512321079
   15.833333333  295.109347484
   16.666666667  298.800135655
   17.500000000  302.586982408
   18.333333333  306.467511755
   19.166666667  310.434338545
   20.000000000  314.475553916
   20.833333333  318.575677749
   21.666666667  322.716820169
   22.500000000  326.879871278
   23.333333333  331.045599012
   24.166666667  335.195581933
   25.000000000  339.312939273
   25.833333333  343.382846767
   26.666666667  347.392845380
   27.500000000  351.332962555
   28.333333333  355.195673321
   29.166666667  358.975732547
   30.000000000  362.669910778
   30.833333333  366.276665117
   31.666666667  369.795774213
   32.500000000  373.227963004
   33.333333333  376.574538913
   34.166666667  379.837056984
   35.000000000  383.017027225
   35.833333333  386.115673364
   36.666666667  389.133748545
   37.500000000  392.071410073
   38.333333333  394.928152528
   39.166666667  397.702796077
   40.000000000  400.393524975
   40.833333333  402.997969722
   41.666666667  405.513325405
   42.500000000  407.936498102
   43.333333333  410.264271019
   44.166666667  412.493482117
   45.000000000  414.621205311
   45.833333333  416.644927935
   46.666666667  418.562717871
   47.500000000  420.373374649
   48.333333333  422.076559771
   49.166666667  423.672902501
   50.000000000  425.164078420
   50.833333333  426.552859020
   51.666666667  427.843131587
   52.500000000  429.039889504
   53.333333333  430.149193966
   54.166666667  431.178108760
   55.000000000  432.134610458
   55.833333333  433.027476821
   56.666666667  433.866156681
   57.500000000  434.660624804
   58.333333333  435.421225481
   59.166666667  436.158508640
   60.000000000  436.883062295
   60.833333333  437.605345035
   61.666666667  438.335522092
   62.500000000  439.083308286
   63.333333333  439.857820854
   64.166666667  440.667444813
   65.000000000  441.519713141
   65.833333333  442.421203648
   66.666666667  443.377453994
   67.500000000  444.392895881
   68.333333333  445.470809025
   69.166666667  446.613295108
   70.000000000  447.821271516
   70.833333333  449.094484291
   71.666666667  450.431539418
   72.500000000  451.829951229
   73.333333333  453.286206477
   74.166666667  454.795842394
   75.000000000  456.353536870
   75.833333333  457.953208764
   76.666666667  459.588126253
   77.500000000  461.251021084
   78.333333333  462.934206595
   79.166666667  464.629697370
   80.000000000  466.329328509
   80.833333333  468.024872534
   81.666666667  469.708152138
   82.500000000  471.371147103
   83.333333333  473.006093898
   84.166666667  474.605576663
   85.000000000  476.162608493
   85.833333333  477.670702158
   86.666666667  479.123929586
   87.500000000  480.516969707
   88.333333333  481.845144420
   89.166666667  483.104442700
   90.000000000  484.291533043
   90.833333333  485.403764633
   91.666666667  486.439157801
   92.500000000  487.396384504
   93.333333333  488.274739663
   94.166666667  489.074104356
   95.000000000  489.794901916
   95.833333333  490.438048085
   96.666666667  491.004896411
   97.500000000  491.497180096
   98.333333333  491.916951527
   99.166666667  492.266520686
  100.000000000  492.548393600
  100.833333333  492.765211953
  101.666666667  492.919694892
  102.500000000  493.014583972
  103.333333333  493.052592095
  104.166666667  493.036357179
  105.000000000  492.968401169
  105.833333333  492.851094882
  106.666666667  492.686629045
  107.500000000  492.476991743
  108.333333333  492.223952385
  109.166666667  491.929052137
  110.000000000  491.593600676
  110.833333333  491.218678970
  111.666666667  490.805147730
  112.500000000  490.353661012
  113.333333333  489.864684440
  114.166666667  489.338517380
  115.000000000  488.775318385
  115.833333333  488.175133150
  116.666666667  487.537924222
  117.500000000  486.863601670
  118.333333333  486.152053926
  119.166666667  485.403178038
  120.000000000  484.616908592
  120.833333333  483.793244616
  121.666666667  482.932273819
  122.500000000  482.034193613
  123.333333333  481.099328416
  124.166666667  480.128142844
  125.000000000  479.121250479
  125.833333333  478.079418004
  126.666666667  477.003564606
  127.500000000  475.894756633
  128.333333333  474.754197619
  129.166666667  473.583213867
  130.000000000  472.383235902
  130.833333333  471.155776171
  131.666666667  469.902403477
  132.500000000  468.624714678
  133.333333333  467.324304292
  134.166666667  466.002732635
  135.000000000  464.661493231
  135.833333333  463.301980199
  136.666666667  461.925456376
  137.500000000  460.533022904
  138.333333333  459.125591008
  139.166666667  457.703856650
  140.000000000  456.268278711
  140.833333333  454.819061281
  141.666666667  453.356140558
  142.500000000  451.879176806
  143.333333333  450.387551681
  144.166666667  448.880371182
  145.000000000  447.356474316
  145.833333333  445.814447515
  146.666666667  444.252644668
  147.500000000  442.669212549
  148.333333333  441.062121284
  149.166666667  439.429199393
  150.000000000  437.768172838
  150.833333333  436.076707394
  151.666666667  434.352453571
  152.500000000  432.593093256
  153.333333333  430.796387143
  154.166666667  428.960222004
  155.000000000  427.082656790
  155.833333333  425.161966564
  156.666666667  423.196683251
  157.500000000  421.185632233
  158.333333333  419.127963845
  159.166666667  417.023178910
  160.000000000  414.871147524
  160.833333333  412.672120419
  161.666666667  410.426732352
  162.500000000  408.135997095
  163.333333333  405.801293795
  164.166666667  403.424344578
  165.000000000  401.007183535
  165.833333333  398.552117316
  166.666666667  396.061677846
  167.500000000  393.538567775
  168.333333333  390.985599547
  169.166666667  388.405629077
  170.000000000  385.801485242
  170.833333333  383.175896542
  171.666666667  380.531416387
  172.500000000  377.870348621
  173.333333333  375.194674945
  174.166666667  372.505985984
  175.000000000  369.805417733
  175.833333333  367.093595126
  176.666666667  364.370584413
  177.500000000  361.635855928
  178.333333333  358.888258700
  179.166666667  356.126008205
  180.000000000  353.346688289
  180.833333333  350.547268107
  181.666666667  347.724134559
  182.500000000  344.873140444
  183.333333333  341.989668145
  184.166666667  339.068708311
  185.000000000  336.104952602
  185.833333333  333.092899145
  186.666666667  330.026968949
  187.500000000  326.901631133
  188.333333333  323.711534416
  189.166666667  320.451641982
  190.000000000  317.117366513
  190.833333333  313.704701883
  191.666666667  310.210347850
  192.500000000  306.631823903
  193.333333333  302.967568377
  194.166666667  299.217019029
  195.000000000  295.380671340
  195.833333333  291.460111142
  196.666666667  287.458018483
  197.500000000  283.378140174
  198.333333333  279.225229070
  199.166666667  275.004948873
  200.000000000  270.723744138
  200.833333333  266.388676099
  201.666666667  262.007226042
  202.500000000  257.587069106
  203.333333333  253.135822605
  204.166666667  248.660774254
  205.000000000  244.168596930
  205.833333333  239.665057878
  206.666666667  235.154731409
  207.500000000  230.640725247
  208.333333333  226.124431543
  209.166666667  221.605314271
  210.000000000  217.080745123
  210.833333333  212.545900049
  211.666666667  207.993728281
  212.500000000  203.415004833
  213.333333333  198.798476118
  214.166666667  194.131106434
  215.000000000  189.398430451
  215.833333333  184.585013627
  216.666666667  179.675018534
  217.500000000  174.652870422
  218.333333333  169.504010058
  219.166666667  164.215715886
  220.000000000  158.777971125
  220.833333333  153.184344472
  221.666666667  147.432846064
  222.500000000  141.526713272
  223.333333333  135.475074320
  224.166666667  129.293431938
  225.000000000  123.003904883
  225.833333333  116.635162843
  226.666666667  110.221990826
  227.500000000  103.804423577
  228.333333333   97.426400097
  229.166666667   91.133904282
  230.000000000   84.972581809
  230.833333333   78.984857483
  231.666666667   73.206623676
  232.500000000   67.663631766
  233.333333333   62.367797620
  234.166666667   57.313732699
  235.000000000   52.475938096
  235.833333333   47.807254351
  236.666666667   43.239350345
  237.500000000   38.686265636
  238.333333333   34.052298989
  239.166666667   29.245868811
  240.000000000   24.201367128
  240.833333333   18.911496942
  241.666666667   13.473133717
  242.500000000    8.150397058
  243.333333333    3.459371333
  244.166666667    0.279788629
  245.000000000    0.000000000
  245.833333333    4.702729440
  246.666666667   17.400449073
  247.500000000   42.330755635
  248.333333333   85.323891493
  249.166666667  154.256564922
  250.000000000  259.608513282
