#! FIELDS refcv.morethan b1.fes
#! SET min_refcv.morethan 0.0
#! SET max_refcv.morethan 250.0
#! SET nbins_refcv.morethan  301
#! SET periodic_refcv.morethan false
    0.000000000  601.195289185
    0.833333333  490.588934886
    1.666666667  411.431411237
    2.500000000  355.796972547
    3.333333333  317.562842856
    4.166666667  292.043106922
    5.000000000  275.688534738
    5.833333333  265.841850569
    6.666666667  260.539426618
    7.500000000  258.351670027
    8.333333333  258.255499280
    9.166666667  259.533289884
   10.000000000  261.693525327
   10.833333333  264.409132204
   11.666666667  267.470120944
   12.500000000  270.747707642
   13.333333333  274.167568382
   14.166666667  277.690284849
   15.000000000  281.297387200
   15.833333333  284.981694837
   16.666666667  288.740904545
   17.500000000  292.573584557
   18.333333333  296.476907704
   19.166666667  300.445601768
   20.000000000  304.471714578
   20.833333333  308.544889061
   21.666666667  312.652922509
   22.500000000  316.782447752
   23.333333333  320.919624096
   24.166666667  325.050765000
   25.000000000  329.162859487
   25.833333333  333.243966672
   26.666666667  337.283479096
   27.500000000  341.272261886
   28.333333333  345.202682154
   29.166666667  349.068547334
   30.000000000  352.864973142
   30.833333333  356.588201986
   31.666666667  360.235391583
   32.500000000  363.804391586
   33.333333333  367.293523510
   34.166666667  370.701376470
   35.000000000  374.026628383
   35.833333333  377.267899461
   36.666666667  380.423642215
   37.500000000  383.492069823
   38.333333333  386.471122622
   39.166666667  389.358470788
   40.000000000  392.151549843
   40.833333333  394.847624571
   41.666666667  397.443876209
   42.500000000  399.937507291
   43.333333333  402.325858369
   44.166666667  404.606530874
   45.000000000  406.777510617
   45.833333333  408.837286848
   46.666666667  410.784962316
   47.500000000  412.620350402
   48.333333333  414.344056092
   49.166666667  415.957538266
   50.000000000  417.463151548
   50.833333333  418.864166634
   51.666666667  420.164768767
   52.500000000  421.370034613
   53.333333333  422.485888432
   54.166666667  423.519038911
   55.000000000  424.476898497
   55.833333333  425.367487427
   56.666666667  426.199324920
   57.500000000  426.981310201
   58.333333333  427.722596178
   59.166666667  428.432458595
   60.000000000  429.120163500
   60.833333333  429.794835769
   61.666666667  430.465331284
   62.500000000  431.140115181
   63.333333333  431.827148348
   64.166666667  432.533784091
   65.000000000  433.266676598
   65.833333333  434.031702528
   66.666666667  434.833896728
   67.500000000  435.677402775
   68.333333333  436.565438710
   69.166666667  437.500278051
   70.000000000  438.483245851
   70.833333333  439.514729332
   71.666666667  440.594202352
   72.500000000  441.720262758
   73.333333333  442.890681501
   74.166666667  444.102462190
   75.000000000  445.351909694
   75.833333333  446.634706258
   76.666666667  447.945993568
   77.500000000  449.280459154
   78.333333333  450.632425546
   79.166666667  451.995940582
   80.000000000  453.364867385
   80.833333333  454.732972548
   81.666666667  456.094011207
   82.500000000  457.441807777
   83.333333333  458.770331282
   84.166666667  460.073764339
   85.000000000  461.346565011
   85.833333333  462.583520933
   86.666666667  463.779795237
   87.500000000  464.930963998
   88.333333333  466.033045071
   89.166666667  467.082518345
   90.000000000  468.076337578
   90.833333333  469.011934137
   91.666666667  469.887213063
   92.500000000  470.700542006
   93.333333333  471.450733675
   94.166666667  472.137022518
   95.000000000  472.759036407
   95.833333333  473.316764177
   96.666666667  473.810519847
   97.500000000  474.240904429
   98.333333333  474.608766163
   99.166666667  474.915160052
  100.000000000  475.161307494
  100.833333333  475.348556804
  101.666666667  475.478345315
  102.500000000  475.552163724
  103.333333333  475.571523238
  104.166666667  475.537926004
  105.000000000  475.452839220
  105.833333333  475.317673216
  106.666666667  475.133763722
  107.500000000  474.902358419
  108.333333333  474.624607784
  109.166666667  474.301560165
  110.000000000  473.934160903
  110.833333333  473.523255270
  111.666666667  473.069594899
  112.500000000  472.573847323
  113.333333333  472.036608193
  114.166666667  471.458415680
  115.000000000  470.839766557
  115.833333333  470.181133420
  116.666666667  469.482982496
  117.500000000  468.745791482
  118.333333333  467.970066890
  119.166666667  467.156360371
  120.000000000  466.305283533
  120.833333333  465.417520814
  121.666666667  464.493840013
  122.500000000  463.535100152
  123.333333333  462.542256381
  124.166666667  461.516361745
  125.000000000  460.458565675
  125.833333333  459.370109141
  126.666666667  458.252316518
  127.500000000  457.106584242
  128.333333333  455.934366444
  129.166666667  454.737157811
  130.000000000  453.516473989
  130.833333333  452.273829901
  131.666666667  451.010716416
  132.500000000  449.728575853
  133.333333333  448.428776819
  134.166666667  447.112588940
  135.000000000  445.781158038
  135.833333333  444.435482321
  136.666666667  443.076390145
  137.500000000  441.704519895
  138.333333333  440.320302503
  139.166666667  438.923947076
  140.000000000  437.515430064
  140.833333333  436.094488345
  141.666666667  434.660616513
  142.500000000  433.213068618
  143.333333333  431.750864475
  144.166666667  430.272800623
  145.000000000  428.777465879
  145.833333333  427.263261367
  146.666666667  425.728424798
  147.500000000  424.171058672
  148.333333333  422.589162009
  149.166666667  420.980665103
  150.000000000  419.343466720
  150.833333333  417.675473115
  151.666666667  415.974638130
  152.500000000  414.239003643
  153.333333333  412.466739544
  154.166666667  410.656182446
  155.000000000  408.805872269
  155.833333333  406.914585903
  156.666666667  404.981367127
  157.500000000  403.005552029
  158.333333333  400.986789230
  159.166666667  398.925054259
  160.000000000  396.820657548
  160.833333333  394.674245601
  161.666666667  392.486795000
  162.500000000  390.259599066
  163.333333333  387.994247103
  164.166666667  385.692596314
  165.000000000  383.356736639
  165.833333333  380.988948912
  166.666666667  378.591656874
  167.500000000  376.167373788
  168.333333333  373.718644480
  169.166666667  371.247983830
  170.000000000  368.757812832
  170.833333333  366.250393466
  171.666666667  363.727763723
  172.500000000  361.191674180
  173.333333333  358.643527604
  174.166666667  356.084323034
  175.000000000  353.514605843
  175.833333333  350.934425183
  176.666666667  348.343300190
  177.500000000  345.740196187
  178.333333333  343.123512011
  179.166666667  340.491079382
  180.000000000  337.840175065
  180.833333333  335.167546297
  181.666666667  332.469449726
  182.500000000  329.741703777
  183.333333333  326.979754077
  184.166666667  324.178751237
  185.000000000  321.333639931
  185.833333333  318.439257901
  186.666666667  315.490443146
  187.500000000  312.482147250
  188.333333333  309.409552483
  189.166666667  306.268190036
  190.000000000  303.054056497
  190.833333333  299.763725516
  191.666666667  296.394451412
  192.500000000  292.944261480
  193.333333333  289.412033682
  194.166666667  285.797556563
  195.000000000  282.101568361
  195.833333333  278.325772584
  196.666666667  274.472827687
  197.500000000  270.546308973
  198.333333333  266.550641405
  199.166666667  262.491002728
  200.000000000  258.373197042
  200.833333333  254.203499887
  201.666666667  249.988476791
  202.500000000  245.734778283
  203.333333333  241.448915411
  204.166666667  237.137020865
  205.000000000  232.804601877
  205.833333333  228.456292099
  206.666666667  224.095610590
  207.500000000  219.724736881
  208.333333333  215.344311756
  209.166666667  210.953273840
  210.000000000  206.548742296
  210.833333333  202.125955808
  211.666666667  197.678277570
  212.500000000  193.197275104
  213.333333333  188.672882376
  214.166666667  184.093649824
  215.000000000  179.447085503
  215.833333333  174.720087557
  216.666666667  169.899464691
  217.500000000  164.972537142
  218.333333333  159.927805958
  219.166666667  154.755673198
  220.000000000  149.449190080
  220.833333333  144.004804207
  221.666666667  138.423071077
  222.500000000  132.709289285
  223.333333333  126.874013502
  224.166666667  120.933394887
  225.000000000  114.909295532
  225.833333333  108.829122429
  226.666666667  102.725328089
  227.500000000   96.634530161
  228.333333333   90.596212233
  229.166666667   84.650983754
  230.000000000   78.838400057
  230.833333333   73.194375542
  231.666666667   67.748266173
  232.500000000   62.519753749
  233.333333333   57.515736641
  234.166666667   52.727522791
  235.000000000   48.128734168
  235.833333333   43.674471507
  236.666666667   39.302458423
  237.500000000   34.937089936
  238.333333333   30.497557689
  239.166666667   25.911519111
  240.000000000   21.136127597
  240.833333333   16.188653512
  241.666666667   11.189410400
  242.500000000    6.420267297
  243.333333333    2.402687603
  244.166666667    0.000000000
  245.000000000    0.549491251
  245.833333333    6.030929543
  246.666666667   19.279297381
  247.500000000   44.250853463
  248.333333333   86.353174128
  249.166666667  152.851569565
  250.000000000  253.366252910
