#! FIELDS refcv.morethan b1.fes
#! SET min_refcv.morethan 0.0
#! SET max_refcv.morethan 250.0
#! SET nbins_refcv.morethan  301
#! SET periodic_refcv.morethan false
    0.000000000  684.373124694
    0.833333333  542.248236982
    1.666666667  443.400208436
    2.500000000  376.198960863
    3.333333333  331.795708208
    4.166666667  303.536982760
    5.000000000  286.486950624
    5.833333333  277.040493316
    6.666666667  272.612012386
    7.500000000  271.387087444
    8.333333333  272.126017939
    9.166666667  274.009935392
   10.000000000  276.521612703
   10.833333333  279.354344931
   11.666666667  282.343353882
   12.500000000  285.415096725
   13.333333333  288.550654560
   14.166666667  291.760056587
   15.000000000  295.064973531
   15.833333333  298.487703237
   16.666666667  302.044783306
   17.500000000  305.743910572
   18.333333333  309.583134144
   19.166666667  313.551525811
   20.000000000  317.630725851
   20.833333333  321.796920058
   21.666666667  326.022930551
   22.500000000  330.280203543
   23.333333333  334.540555906
   24.166666667  338.777602757
   25.000000000  342.967833574
   25.833333333  347.091337288
   26.666666667  351.132199722
   27.500000000  355.078611684
   28.333333333  358.922734635
   29.166666667  362.660374670
   30.000000000  366.290515625
   30.833333333  369.814759640
   31.666666667  373.236719084
   32.500000000  376.561398237
   33.333333333  379.794596905
   34.166666667  382.942361722
   35.000000000  386.010504582
   35.833333333  389.004201624
   36.666666667  391.927680692
   37.500000000  394.784000340
   38.333333333  397.574919196
   39.166666667  400.300851044
   40.000000000  402.960898183
   40.833333333  405.552953493
   41.666666667  408.073860205
   42.500000000  410.519617475
   43.333333333  412.885619503
   44.166666667  415.166916049
   45.000000000  417.358482693
   45.833333333  419.455489952
   46.666666667  421.453561480
   47.500000000  423.349012759
   48.333333333  425.139063078
   49.166666667  426.822015043
   50.000000000  428.397397286
   50.833333333  429.866067502
   51.666666667  431.230274313
   52.500000000  432.493677757
   53.333333333  433.661329371
   54.166666667  434.739613911
   55.000000000  435.736155633
   55.833333333  436.659692852
   56.666666667  437.519925084
   57.500000000  438.327337520
   58.333333333  439.093007904
   59.166666667  439.828401036
   60.000000000  440.545156119
   60.833333333  441.254872117
   61.666666667  441.968896022
   62.500000000  442.698118668
   63.333333333  443.452782295
   64.166666667  444.242303642
   65.000000000  445.075115799
   65.833333333  445.958531527
   66.666666667  446.898630167
   67.500000000  447.900169657
   68.333333333  448.966524622
   69.166666667  450.099650916
   70.000000000  451.300076438
   70.833333333  452.566917555
   71.666666667  453.897919976
   72.500000000  455.289522505
   73.333333333  456.736941719
   74.166666667  458.234275323
   75.000000000  459.774621647
   75.833333333  461.350212583
   76.666666667  462.952557117
   77.500000000  464.572592508
   78.333333333  466.200840200
   79.166666667  467.827563534
   80.000000000  469.442924446
   80.833333333  471.037136474
   81.666666667  472.600611542
   82.500000000  474.124098239
   83.333333333  475.598809519
   84.166666667  477.016538054
   85.000000000  478.369757723
   85.833333333  479.651710047
   86.666666667  480.856474682
   87.500000000  481.979023393
   88.333333333  483.015257237
   89.166666667  483.962026995
   90.000000000  484.817137168
   90.833333333  485.579334122
   91.666666667  486.248279228
   92.500000000  486.824508063
   93.333333333  487.309376916
   94.166666667  487.704998046
   95.000000000  488.014165257
   95.833333333  488.240271447
   96.666666667  488.387219905
   97.500000000  488.459331116
   98.333333333  488.461246894
   99.166666667  488.397833608
  100.000000000  488.274086234
  100.833333333  488.095034873
  101.666666667  487.865655292
  102.500000000  487.590784903
  103.333333333  487.275045449
  104.166666667  486.922773522
  105.000000000  486.537959838
  105.833333333  486.124198028
  106.666666667  485.684643495
  107.500000000  485.221982707
  108.333333333  484.738413080
  109.166666667  484.235633425
  110.000000000  483.714844746
  110.833333333  483.176760984
  111.666666667  482.621629140
  112.500000000  482.049258075
  113.333333333  481.459055119
  114.166666667  480.850069512
  115.000000000  480.221041626
  115.833333333  479.570456795
  116.666666667  478.896602563
  117.500000000  478.197628104
  118.333333333  477.471604562
  119.166666667  476.716585075
  120.000000000  475.930663277
  120.833333333  475.112029112
  121.666666667  474.259020899
  122.500000000  473.370172641
  123.333333333  472.444255696
  124.166666667  471.480314065
  125.000000000  470.477692644
  125.833333333  469.436057986
  126.666666667  468.355411206
  127.500000000  467.236092879
  128.333333333  466.078779892
  129.166666667  464.884474395
  130.000000000  463.654485128
  130.833333333  462.390401572
  131.666666667  461.094061480
  132.500000000  459.767512503
  133.333333333  458.412968716
  134.166666667  457.032762961
  135.000000000  455.629296001
  135.833333333  454.204983544
  136.666666667  452.762202243
  137.500000000  451.303235799
  138.333333333  449.830222304
  139.166666667  448.345103927
  140.000000000  446.849580032
  140.833333333  445.345064736
  141.666666667  443.832649845
  142.500000000  442.313074017
  143.333333333  440.786698869
  144.166666667  439.253492628
  145.000000000  437.713021786
  145.833333333  436.164451051
  146.666666667  434.606551743
  147.500000000  433.037718602
  148.333333333  431.455994816
  149.166666667  429.859104898
  150.000000000  428.244494881
  150.833333333  426.609379146
  151.666666667  424.950793036
  152.500000000  423.265650284
  153.333333333  421.550804149
  154.166666667  419.803111067
  155.000000000  418.019495523
  155.833333333  416.197014813
  156.666666667  414.332922295
  157.500000000  412.424727762
  158.333333333  410.470253545
  159.166666667  408.467685034
  160.000000000  406.415614360
  160.833333333  404.313076075
  161.666666667  402.159573826
  162.500000000  399.955097130
  163.333333333  397.700127571
  164.166666667  395.395633909
  165.000000000  393.043055836
  165.833333333  390.644276312
  166.666666667  388.201582679
  167.500000000  385.717617004
  168.333333333  383.195316327
  169.166666667  380.637843768
  170.000000000  378.048511672
  170.833333333  375.430698203
  171.666666667  372.787759011
  172.500000000  370.122935784
  173.333333333  367.439263650
  174.166666667  364.739479522
  175.000000000  362.025933574
  175.833333333  359.300506072
  176.666666667  356.564531774
  177.500000000  353.818734095
  178.333333333  351.063171093
  179.166666667  348.297195201
  180.000000000  345.519428423
  180.833333333  342.727754442
  181.666666667  339.919328779
  182.500000000  337.090607804
  183.333333333  334.237396955
  184.166666667  331.354918137
  185.000000000  328.437895748
  185.833333333  325.480660319
  186.666666667  322.477268235
  187.500000000  319.421635482
  188.333333333  316.307682869
  189.166666667  313.129489692
  190.000000000  309.881452341
  190.833333333  306.558443961
  191.666666667  303.155970924
  192.500000000  299.670321611
  193.333333333  296.098702836
  194.166666667  292.439359144
  195.000000000  288.691670301
  195.833333333  284.856222452
  196.666666667  280.934848733
  197.500000000  276.930635616
  198.333333333  272.847891856
  199.166666667  268.692077700
  200.000000000  264.469692951
  200.833333333  260.188123542
  201.666666667  255.855447495
  202.500000000  251.480202499
  203.333333333  247.071118734
  204.166666667  242.636822144
  205.000000000  238.185514857
  205.833333333  233.724641043
  206.666666667  229.260548010
  207.500000000  224.798153735
  208.333333333  220.340633291
  209.166666667  215.889137665
  210.000000000  211.442559208
  210.833333333  206.997358294
  211.666666667  202.547465738
  212.500000000  198.084274876
  213.333333333  193.596736028
  214.166666667  189.071564170
  215.000000000  184.493568023
  215.833333333  179.846105316
  216.666666667  175.111664725
  217.500000000  170.272569836
  218.333333333  165.311794498
  219.166666667  160.213872128
  220.000000000  154.965873983
  220.833333333  149.558423332
  221.666666667  143.986703922
  222.500000000  138.251412590
  223.333333333  132.359597524
  224.166666667  126.325316151
  225.000000000  120.170040472
  225.833333333  113.922733615
  226.666666667  107.619520450
  227.500000000  101.302878368
  228.333333333   95.020283136
  229.166666667   88.822260744
  230.000000000   82.759821309
  230.833333333   76.881287473
  231.666666667   71.228580227
  232.500000000   65.833092459
  233.333333333   60.711368556
  234.166666667   55.860920929
  235.000000000   51.256656205
  235.833333333   46.848560276
  236.666666667   42.561508478
  237.500000000   38.298331896
  238.333333333   33.947590762
  239.166666667   29.397890224
  240.000000000   24.561032049
  240.833333333   19.406839562
  241.666666667   14.013134542
  242.500000000    8.635098189
  243.333333333    3.799129073
  244.166666667    0.427336764
  245.000000000    0.000000000
  245.833333333    4.764694259
  246.666666667   18.002379504
  247.500000000   44.362560982
  248.333333333   90.281723599
  249.166666667  164.501625816
  250.000000000  278.706757742
