#! FIELDS refcv.morethan targetdist
#! SET min_refcv.morethan 0.0
#! SET max_refcv.morethan 250.0
#! SET nbins_refcv.morethan  301
#! SET periodic_refcv.morethan false
    0.000000000    0.003671809
    0.833333333    0.003815669
    1.666666667    0.003919921
    2.500000000    0.003993124
    3.333333333    0.004042787
    4.166666667    0.004075119
    5.000000000    0.004095040
    5.833333333    0.004106306
    6.666666667    0.004111708
    7.500000000    0.004113254
    8.333333333    0.004112352
    9.166666667    0.004109954
   10.000000000    0.004106682
   10.833333333    0.004102922
   11.666666667    0.004098895
   12.500000000    0.004094719
   13.333333333    0.004090443
   14.166666667    0.004086078
   15.000000000    0.004081615
   15.833333333    0.004077042
   16.666666667    0.004072346
   17.500000000    0.004067523
   18.333333333    0.004062574
   19.166666667    0.004057511
   20.000000000    0.004052349
   20.833333333    0.004047112
   21.666666667    0.004041825
   22.500000000    0.004036514
   23.333333333    0.004031206
   24.166666667    0.004025928
   25.000000000    0.004020702
   25.833333333    0.004015548
   26.666666667    0.004010482
   27.500000000    0.004005517
   28.333333333    0.004000662
   29.166666667    0.003995924
   30.000000000    0.003991304
   30.833333333    0.003986804
   31.666666667    0.003982423
   32.500000000    0.003978157
   33.333333333    0.003974004
   34.166666667    0.003969959
   35.000000000    0.003966019
   35.833333333    0.003962182
   36.666666667    0.003958444
   37.500000000    0.003954805
   38.333333333    0.003951263
   39.166666667    0.003947820
   40.000000000    0.003944476
   40.833333333    0.003941236
   41.666666667    0.003938101
   42.500000000    0.003935075
   43.333333333    0.003932163
   44.166666667    0.003929368
   45.000000000    0.003926695
   45.833333333    0.003924146
   46.666666667    0.003921726
   47.500000000    0.003919435
   48.333333333    0.003917275
   49.166666667    0.003915246
   50.000000000    0.003913346
   50.833333333    0.003911572
   51.666666667    0.003909920
   52.500000000    0.003908386
   53.333333333    0.003906960
   54.166666667    0.003905637
   55.000000000    0.003904405
   55.833333333    0.003903255
   56.666666667    0.003902176
   57.500000000    0.003901155
   58.333333333    0.003900181
   59.166666667    0.003899240
   60.000000000    0.003898320
   60.833333333    0.003897408
   61.666666667    0.003896492
   62.500000000    0.003895560
   63.333333333    0.003894601
   64.166666667    0.003893605
   65.000000000    0.003892564
   65.833333333    0.003891469
   66.666666667    0.003890314
   67.500000000    0.003889093
   68.333333333    0.003887804
   69.166666667    0.003886443
   70.000000000    0.003885010
   70.833333333    0.003883507
   71.666666667    0.003881934
   72.500000000    0.003880296
   73.333333333    0.003878597
   74.166666667    0.003876843
   75.000000000    0.003875041
   75.833333333    0.003873199
   76.666666667    0.003871325
   77.500000000    0.003869428
   78.333333333    0.003867519
   79.166666667    0.003865607
   80.000000000    0.003863702
   80.833333333    0.003861813
   81.666666667    0.003859952
   82.500000000    0.003858127
   83.333333333    0.003856348
   84.166666667    0.003854623
   85.000000000    0.003852961
   85.833333333    0.003851368
   86.666666667    0.003849852
   87.500000000    0.003848417
   88.333333333    0.003847069
   89.166666667    0.003845812
   90.000000000    0.003844649
   90.833333333    0.003843581
   91.666666667    0.003842611
   92.500000000    0.003841738
   93.333333333    0.003840963
   94.166666667    0.003840284
   95.000000000    0.003839700
   95.833333333    0.003839207
   96.666666667    0.003838804
   97.500000000    0.003838488
   98.333333333    0.003838253
   99.166666667    0.003838097
  100.000000000    0.003838016
  100.833333333    0.003838004
  101.666666667    0.003838059
  102.500000000    0.003838175
  103.333333333    0.003838349
  104.166666667    0.003838577
  105.000000000    0.003838855
  105.833333333    0.003839180
  106.666666667    0.003839548
  107.500000000    0.003839957
  108.333333333    0.003840405
  109.166666667    0.003840890
  110.000000000    0.003841410
  110.833333333    0.003841964
  111.666666667    0.003842551
  112.500000000    0.003843170
  113.333333333    0.003843822
  114.166666667    0.003844506
  115.000000000    0.003845223
  115.833333333    0.003845974
  116.666666667    0.003846758
  117.500000000    0.003847577
  118.333333333    0.003848432
  119.166666667    0.003849323
  120.000000000    0.003850252
  120.833333333    0.003851218
  121.666666667    0.003852223
  122.500000000    0.003853268
  123.333333333    0.003854351
  124.166666667    0.003855474
  125.000000000    0.003856636
  125.833333333    0.003857837
  126.666666667    0.003859076
  127.500000000    0.003860352
  128.333333333    0.003861665
  129.166666667    0.003863012
  130.000000000    0.003864393
  130.833333333    0.003865806
  131.666666667    0.003867248
  132.500000000    0.003868718
  133.333333333    0.003870215
  134.166666667    0.003871735
  135.000000000    0.003873277
  135.833333333    0.003874839
  136.666666667    0.003876419
  137.500000000    0.003878016
  138.333333333    0.003879629
  139.166666667    0.003881255
  140.000000000    0.003882894
  140.833333333    0.003884546
  141.666666667    0.003886210
  142.500000000    0.003887887
  143.333333333    0.003889577
  144.166666667    0.003891280
  145.000000000    0.003892998
  145.833333333    0.003894733
  146.666666667    0.003896487
  147.500000000    0.003898261
  148.333333333    0.003900058
  149.166666667    0.003901882
  150.000000000    0.003903734
  150.833333333    0.003905618
  151.666666667    0.003907538
  152.500000000    0.003909497
  153.333333333    0.003911497
  154.166666667    0.003913541
  155.000000000    0.003915634
  155.833333333    0.003917777
  156.666666667    0.003919973
  157.500000000    0.003922223
  158.333333333    0.003924531
  159.166666667    0.003926896
  160.000000000    0.003929321
  160.833333333    0.003931804
  161.666666667    0.003934347
  162.500000000    0.003936948
  163.333333333    0.003939607
  164.166666667    0.003942321
  165.000000000    0.003945089
  165.833333333    0.003947909
  166.666666667    0.003950776
  167.500000000    0.003953690
  168.333333333    0.003956645
  169.166666667    0.003959639
  170.000000000    0.003962668
  170.833333333    0.003965728
  171.666666667    0.003968817
  172.500000000    0.003971931
  173.333333333    0.003975067
  174.166666667    0.003978222
  175.000000000    0.003981396
  175.833333333    0.003984587
  176.666666667    0.003987793
  177.500000000    0.003991015
  178.333333333    0.003994255
  179.166666667    0.003997513
  180.000000000    0.004000792
  180.833333333    0.004004095
  181.666666667    0.004007426
  182.500000000    0.004010791
  183.333333333    0.004014194
  184.166666667    0.004017641
  185.000000000    0.004021140
  185.833333333    0.004024697
  186.666666667    0.004028318
  187.500000000    0.004032012
  188.333333333    0.004035785
  189.166666667    0.004039643
  190.000000000    0.004043594
  190.833333333    0.004047643
  191.666666667    0.004051795
  192.500000000    0.004056054
  193.333333333    0.004060422
  194.166666667    0.004064902
  195.000000000    0.004069493
  195.833333333    0.004074195
  196.666666667    0.004079004
  197.500000000    0.004083918
  198.333333333    0.004088931
  199.166666667    0.004094036
  200.000000000    0.004099226
  200.833333333    0.004104492
  201.666666667    0.004109825
  202.500000000    0.004115215
  203.333333333    0.004120652
  204.166666667    0.004126127
  205.000000000    0.004131630
  205.833333333    0.004137153
  206.666666667    0.004142690
  207.500000000    0.004148235
  208.333333333    0.004153785
  209.166666667    0.004159341
  210.000000000    0.004164903
  210.833333333    0.004170477
  211.666666667    0.004176071
  212.500000000    0.004181695
  213.333333333    0.004187363
  214.166666667    0.004193092
  215.000000000    0.004198899
  215.833333333    0.004204804
  216.666666667    0.004210829
  217.500000000    0.004216993
  218.333333333    0.004223318
  219.166666667    0.004229820
  220.000000000    0.004236516
  220.833333333    0.004243416
  221.666666667    0.004250525
  222.500000000    0.004257841
  223.333333333    0.004265357
  224.166666667    0.004273054
  225.000000000    0.004280907
  225.833333333    0.004288881
  226.666666667    0.004296932
  227.500000000    0.004305010
  228.333333333    0.004313057
  229.166666667    0.004321013
  230.000000000    0.004328816
  230.833333333    0.004336410
  231.666666667    0.004343743
  232.500000000    0.004350779
  233.333333333    0.004357497
  234.166666667    0.004363900
  235.000000000    0.004370019
  235.833333333    0.004375911
  236.666666667    0.004381667
  237.500000000    0.004387398
  238.333333333    0.004393234
  239.166666667    0.004399298
  240.000000000    0.004405682
  240.833333333    0.004412404
  241.666666667    0.004419340
  242.500000000    0.004426144
  243.333333333    0.004432124
  244.166666667    0.004436095
  245.000000000    0.004436174
  245.833333333    0.004429544
  246.666666667    0.004412159
  247.500000000    0.004378449
  248.333333333    0.004321031
  249.166666667    0.004230564
  250.000000000    0.004095891
