#! FIELDS refcv hh dhh_refcv
#! SET normalisation  125001.000000
#! SET min_refcv -1.5
#! SET max_refcv 1.5
#! SET nbins_refcv  1000
#! SET periodic_refcv false
 -1.500000 0.000000 0.000000
 -1.497000 0.000000 0.000000
 -1.494000 0.000000 0.000000
 -1.491000 0.000000 0.000000
 -1.488000 0.000000 0.000000
 -1.485000 0.000000 0.000000
 -1.482000 0.000000 0.000000
 -1.479000 0.000000 0.000000
 -1.476000 0.000000 0.000000
 -1.473000 0.000000 0.000000
 -1.470000 0.000000 0.000000
 -1.467000 0.000000 0.000000
 -1.464000 0.000000 0.000000
 -1.461000 0.000000 0.000000
 -1.458000 0.000000 0.000000
 -1.455000 0.000000 0.000000
 -1.452000 0.000000 0.000000
 -1.449000 0.000000 0.000000
 -1.446000 0.000000 0.000000
 -1.443000 0.000000 0.000000
 -1.440000 0.000000 0.000000
 -1.437000 0.000000 0.000000
 -1.434000 0.000000 0.000000
 -1.431000 0.000000 0.000000
 -1.428000 0.000000 0.000000
 -1.425000 0.000000 0.000000
 -1.422000 0.000000 0.000000
 -1.419000 0.000000 0.000000
 -1.416000 0.000000 0.000000
 -1.413000 0.000000 0.000000
 -1.410000 0.000000 0.000000
 -1.407000 0.000000 0.000000
 -1.404000 0.000000 0.000000
 -1.401000 0.000000 0.000000
 -1.398000 0.000000 0.000000
 -1.395000 0.000000 0.000000
 -1.392000 0.000000 0.000000
 -1.389000 0.000000 0.000000
 -1.386000 0.000000 0.000000
 -1.383000 0.000000 0.000000
 -1.380000 0.000000 0.000000
 -1.377000 0.000000 0.000000
 -1.374000 0.000000 0.000000
 -1.371000 0.000000 0.000000
 -1.368000 0.000000 0.000000
 -1.365000 0.000000 0.000000
 -1.362000 0.000000 0.000000
 -1.359000 0.000000 0.000000
 -1.356000 0.000000 0.000000
 -1.353000 0.000000 0.000000
 -1.350000 0.000000 0.000000
 -1.347000 0.000000 0.000000
 -1.344000 0.000000 0.000000
 -1.341000 0.000000 0.000000
 -1.338000 0.000000 0.000000
 -1.335000 0.000000 0.000000
 -1.332000 0.000000 0.000000
 -1.329000 0.000000 0.000000
 -1.326000 0.000000 0.000000
 -1.323000 0.000000 0.000000
 -1.320000 0.000000 0.000000
 -1.317000 0.000000 0.000000
 -1.314000 0.000000 0.000000
 -1.311000 0.000000 0.000000
 -1.308000 0.000000 0.000000
 -1.305000 0.000000 0.000000
 -1.302000 0.000000 0.000000
 -1.299000 0.000000 0.000000
 -1.296000 0.000000 0.000000
 -1.293000 0.000000 0.000000
 -1.290000 0.000000 0.000000
 -1.287000 0.000000 0.000000
 -1.284000 0.000000 0.000000
 -1.281000 0.000000 0.000000
 -1.278000 0.000000 0.000000
 -1.275000 0.000000 0.000000
 -1.272000 0.000000 0.000000
 -1.269000 0.000000 0.000000
 -1.266000 0.000000 0.000000
 -1.263000 0.000000 0.000000
 -1.260000 0.000000 0.000000
 -1.257000 0.000000 0.000000
 -1.254000 0.000000 0.000000
 -1.251000 0.000000 0.000000
 -1.248000 0.000000 0.000000
 -1.245000 0.000000 0.000000
 -1.242000 0.000000 0.000000
 -1.239000 0.000000 0.000000
 -1.236000 0.000000 0.000000
 -1.233000 0.000000 0.000000
 -1.230000 0.000000 0.000000
 -1.227000 0.000000 0.000000
 -1.224000 0.000000 0.000000
 -1.221000 0.000000 0.000000
 -1.218000 0.000000 0.000000
 -1.215000 0.000000 0.000000
 -1.212000 0.000000 0.000000
 -1.209000 0.000000 0.000000
 -1.206000 0.000000 0.000000
 -1.203000 0.000000 0.000000
 -1.200000 0.000000 0.000000
 -1.197000 0.000000 0.000000
 -1.194000 0.000000 0.000000
 -1.191000 0.000000 0.000000
 -1.188000 0.000000 0.000000
 -1.185000 0.000000 0.000000
 -1.182000 0.000000 0.000000
 -1.179000 0.000000 0.000000
 -1.176000 0.000000 0.000000
 -1.173000 0.000000 0.000000
 -1.170000 0.000000 0.000000
 -1.167000 0.000000 0.000000
 -1.164000 0.000000 0.000000
 -1.161000 0.000000 0.000000
 -1.158000 0.000000 0.000000
 -1.155000 0.000000 0.000000
 -1.152000 0.000000 0.000000
 -1.149000 0.000000 0.000000
 -1.146000 0.000000 0.000000
 -1.143000 0.000000 0.000000
 -1.140000 0.000000 0.000000
 -1.137000 0.000000 0.000000
 -1.134000 0.000000 0.000000
 -1.131000 0.000000 0.000000
 -1.128000 0.000000 0.000000
 -1.125000 0.000000 0.000000
 -1.122000 0.000000 0.000000
 -1.119000 0.000000 0.000000
 -1.116000 0.000000 0.000000
 -1.113000 0.000000 0.000000
 -1.110000 0.000000 0.000000
 -1.107000 0.000000 0.000000
 -1.104000 0.000000 0.000000
 -1.101000 0.000000 0.000000
 -1.098000 0.000000 0.000000
 -1.095000 0.000000 0.000000
 -1.092000 0.000000 0.000000
 -1.089000 0.000000 0.000000
 -1.086000 0.000000 0.000000
 -1.083000 0.000000 0.000000
 -1.080000 0.000000 0.000000
 -1.077000 0.000000 0.000000
 -1.074000 0.000000 0.000000
 -1.071000 0.000000 0.000000
 -1.068000 0.000000 0.000000
 -1.065000 0.000000 0.000000
 -1.062000 0.000000 0.000000
 -1.059000 0.000000 0.000000
 -1.056000 0.000000 0.000000
 -1.053000 0.000000 0.000000
 -1.050000 0.000000 0.000000
 -1.047000 0.000000 0.000000
 -1.044000 0.000000 0.000000
 -1.041000 0.000000 0.000000
 -1.038000 0.000000 0.000000
 -1.035000 0.000000 0.000000
 -1.032000 0.000000 0.000000
 -1.029000 0.000000 0.000000
 -1.026000 0.000000 0.000000
 -1.023000 0.000000 0.000000
 -1.020000 0.000000 0.000000
 -1.017000 0.000000 0.000000
 -1.014000 0.000000 0.000000
 -1.011000 0.000000 0.000000
 -1.008000 0.000000 0.000000
 -1.005000 0.000000 0.000000
 -1.002000 0.000000 0.000000
 -0.999000 0.000000 0.000000
 -0.996000 0.000000 0.000000
 -0.993000 0.000000 0.000000
 -0.990000 0.000000 0.000000
 -0.987000 0.000000 0.000000
 -0.984000 0.000000 0.000000
 -0.981000 0.000000 0.000000
 -0.978000 0.000000 0.000000
 -0.975000 0.000000 0.000000
 -0.972000 0.000000 0.000000
 -0.969000 0.000000 0.000000
 -0.966000 0.000000 0.000000
 -0.963000 0.000000 0.000000
 -0.960000 0.000000 0.000000
 -0.957000 0.000000 0.000000
 -0.954000 0.000000 0.000000
 -0.951000 0.000000 0.000000
 -0.948000 0.000000 0.000000
 -0.945000 0.000000 0.000000
 -0.942000 0.000000 0.000000
 -0.939000 0.000000 0.000000
 -0.936000 0.000000 0.000000
 -0.933000 0.000000 0.000000
 -0.930000 0.000000 0.000000
 -0.927000 0.000000 0.000000
 -0.924000 0.000000 0.000000
 -0.921000 0.000000 0.000000
 -0.918000 0.000000 0.000000
 -0.915000 0.000000 0.000000
 -0.912000 0.000000 0.000000
 -0.909000 0.000000 0.000000
 -0.906000 0.000000 0.000000
 -0.903000 0.000000 0.000000
 -0.900000 0.000000 0.000000
 -0.897000 0.000000 0.000000
 -0.894000 0.000000 0.000000
 -0.891000 0.000000 0.000000
 -0.888000 0.000000 0.000000
 -0.885000 0.000000 0.000000
 -0.882000 0.000000 0.000000
 -0.879000 0.000000 0.000000
 -0.876000 0.000000 0.000000
 -0.873000 0.000000 0.000000
 -0.870000 0.000000 0.000000
 -0.867000 0.000000 0.000000
 -0.864000 0.000000 0.000000
 -0.861000 0.000000 0.000000
 -0.858000 0.000000 0.000000
 -0.855000 0.000000 0.000000
 -0.852000 0.000000 0.000000
 -0.849000 0.000000 0.000000
 -0.846000 0.000000 0.000000
 -0.843000 0.000000 0.000000
 -0.840000 0.000000 0.000000
 -0.837000 0.000000 0.000000
 -0.834000 0.000000 0.000000
 -0.831000 0.000000 0.000000
 -0.828000 0.000000 0.000000
 -0.825000 0.000000 0.000000
 -0.822000 0.000000 0.000000
 -0.819000 0.000000 0.000000
 -0.816000 0.000000 0.000000
 -0.813000 0.000000 0.000000
 -0.810000 0.000000 0.000000
 -0.807000 0.000000 0.000000
 -0.804000 0.000000 0.000000
 -0.801000 0.000000 0.000000
 -0.798000 0.000000 0.000000
 -0.795000 0.000000 0.000000
 -0.792000 0.000000 0.000000
 -0.789000 0.000000 0.000000
 -0.786000 0.000000 0.000000
 -0.783000 0.000000 0.000000
 -0.780000 0.000000 0.000000
 -0.777000 0.000000 0.000000
 -0.774000 0.000000 0.000000
 -0.771000 0.000000 0.000000
 -0.768000 0.000000 0.000000
 -0.765000 0.000000 0.000000
 -0.762000 0.000000 0.000000
 -0.759000 0.000000 0.000000
 -0.756000 0.000000 0.000000
 -0.753000 0.000000 0.000000
 -0.750000 0.000000 0.000000
 -0.747000 0.000000 0.000000
 -0.744000 0.000000 0.000000
 -0.741000 0.000000 0.000000
 -0.738000 0.000000 0.000000
 -0.735000 0.000000 0.000000
 -0.732000 0.000000 0.000000
 -0.729000 0.000000 0.000000
 -0.726000 0.000000 0.000000
 -0.723000 0.000000 0.000000
 -0.720000 0.000000 0.000000
 -0.717000 0.000000 0.000000
 -0.714000 0.000000 0.000000
 -0.711000 0.000000 0.000000
 -0.708000 0.000000 0.000000
 -0.705000 0.000000 0.000000
 -0.702000 0.000000 0.000000
 -0.699000 0.000000 0.000000
 -0.696000 0.000000 0.000000
 -0.693000 0.000000 0.000000
 -0.690000 0.000000 0.000000
 -0.687000 0.000000 0.000000
 -0.684000 0.000000 0.000000
 -0.681000 0.000000 0.000000
 -0.678000 0.000000 0.000000
 -0.675000 0.000000 0.000000
 -0.672000 0.000000 0.000000
 -0.669000 0.000000 0.000000
 -0.666000 0.000000 0.000000
 -0.663000 0.000000 0.000000
 -0.660000 0.000000 0.000000
 -0.657000 0.000000 0.000000
 -0.654000 0.000000 0.000000
 -0.651000 0.000000 0.000000
 -0.648000 0.000000 0.000000
 -0.645000 0.000000 0.000000
 -0.642000 0.000000 0.000000
 -0.639000 0.000000 0.000000
 -0.636000 0.000000 0.000000
 -0.633000 0.000000 0.000000
 -0.630000 0.000000 0.000000
 -0.627000 0.000000 0.000000
 -0.624000 0.000000 0.000000
 -0.621000 0.000000 0.000000
 -0.618000 0.000000 0.000000
 -0.615000 0.000000 0.000000
 -0.612000 0.000000 0.000000
 -0.609000 0.000000 0.000000
 -0.606000 0.000000 0.000000
 -0.603000 0.000000 0.000000
 -0.600000 0.000000 0.000000
 -0.597000 0.000000 0.000000
 -0.594000 0.000000 0.000000
 -0.591000 0.000000 0.000000
 -0.588000 0.000000 0.000000
 -0.585000 0.000000 0.000000
 -0.582000 0.000000 0.000000
 -0.579000 0.000000 0.000000
 -0.576000 0.000000 0.000000
 -0.573000 0.000000 0.000000
 -0.570000 0.000000 0.000000
 -0.567000 0.000000 0.000000
 -0.564000 0.000000 0.000000
 -0.561000 0.000000 0.000000
 -0.558000 0.000000 0.000000
 -0.555000 0.000000 0.000000
 -0.552000 0.000000 0.000000
 -0.549000 0.000000 0.000000
 -0.546000 0.000000 0.000000
 -0.543000 0.000000 0.000000
 -0.540000 0.000000 0.000000
 -0.537000 0.000000 0.000000
 -0.534000 0.000000 0.000000
 -0.531000 0.000000 0.000000
 -0.528000 0.000000 0.000000
 -0.525000 0.000000 0.000000
 -0.522000 0.000000 0.000000
 -0.519000 0.000000 0.000000
 -0.516000 0.000000 0.000000
 -0.513000 0.000000 0.000000
 -0.510000 0.000000 0.000000
 -0.507000 0.000000 0.000000
 -0.504000 0.000000 0.000000
 -0.501000 0.000000 0.000000
 -0.498000 0.000000 0.000000
 -0.495000 0.000000 0.000000
 -0.492000 0.000000 0.000000
 -0.489000 0.000000 0.000000
 -0.486000 0.000000 0.000000
 -0.483000 0.000000 0.000000
 -0.480000 0.000000 0.000000
 -0.477000 0.000000 0.000000
 -0.474000 0.000000 0.000000
 -0.471000 0.000000 0.000000
 -0.468000 0.000000 0.000000
 -0.465000 0.000000 0.000000
 -0.462000 0.000000 0.000000
 -0.459000 0.000000 0.000000
 -0.456000 0.000000 0.000000
 -0.453000 0.000000 0.000000
 -0.450000 0.000000 0.000000
 -0.447000 0.000000 0.000000
 -0.444000 0.000000 0.000000
 -0.441000 0.000000 0.000000
 -0.438000 0.000000 0.000000
 -0.435000 0.000000 0.000000
 -0.432000 0.000000 0.000000
 -0.429000 0.000000 0.000000
 -0.426000 0.000000 0.000000
 -0.423000 0.000000 0.000000
 -0.420000 0.000000 0.000000
 -0.417000 0.000000 0.000000
 -0.414000 0.000000 0.000000
 -0.411000 0.000000 0.000000
 -0.408000 0.000000 0.000000
 -0.405000 0.000000 0.000000
 -0.402000 0.000000 0.000000
 -0.399000 0.000000 0.000000
 -0.396000 0.000000 0.000000
 -0.393000 0.000000 0.000000
 -0.390000 0.000000 0.000000
 -0.387000 0.000000 0.000000
 -0.384000 0.000000 0.000000
 -0.381000 0.000000 0.000000
 -0.378000 0.000000 0.000000
 -0.375000 0.000000 0.000000
 -0.372000 0.000000 0.000000
 -0.369000 0.000000 0.000000
 -0.366000 0.000000 0.000000
 -0.363000 0.000000 0.000000
 -0.360000 0.000000 0.000000
 -0.357000 0.000000 0.000000
 -0.354000 0.000000 0.000000
 -0.351000 0.000000 0.000000
 -0.348000 0.000000 0.000000
 -0.345000 0.000000 0.000000
 -0.342000 0.000000 0.000000
 -0.339000 0.000000 0.000000
 -0.336000 0.000000 0.000000
 -0.333000 0.000000 0.000000
 -0.330000 0.000000 0.000000
 -0.327000 0.000000 0.000000
 -0.324000 0.000000 0.000000
 -0.321000 0.000000 0.000000
 -0.318000 0.000000 0.000000
 -0.315000 0.000000 0.000000
 -0.312000 0.000000 0.000000
 -0.309000 0.000000 0.000000
 -0.306000 0.000000 0.000000
 -0.303000 0.000000 0.000000
 -0.300000 0.000000 0.000000
 -0.297000 0.000000 0.000000
 -0.294000 0.000000 0.000000
 -0.291000 0.000000 0.000000
 -0.288000 0.000000 0.000000
 -0.285000 0.000000 0.000000
 -0.282000 0.000000 0.000000
 -0.279000 0.000000 0.000000
 -0.276000 0.000000 0.000000
 -0.273000 0.000000 0.000000
 -0.270000 0.000000 0.000000
 -0.267000 0.000000 0.000000
 -0.264000 0.000000 0.000000
 -0.261000 0.000000 0.000000
 -0.258000 0.000000 0.000000
 -0.255000 0.000000 0.000000
 -0.252000 0.000000 0.000000
 -0.249000 0.000000 0.000000
 -0.246000 0.000000 0.000000
 -0.243000 0.000000 0.000000
 -0.240000 0.000000 0.000000
 -0.237000 0.000000 0.000000
 -0.234000 0.000000 0.000000
 -0.231000 0.000000 0.000000
 -0.228000 0.000000 0.000000
 -0.225000 0.000000 0.000000
 -0.222000 0.000000 0.000000
 -0.219000 0.000000 0.000000
 -0.216000 0.000000 0.000000
 -0.213000 0.000000 0.000000
 -0.210000 0.000000 0.000000
 -0.207000 0.000000 0.000000
 -0.204000 0.000000 0.000000
 -0.201000 0.000000 0.000000
 -0.198000 0.000000 0.000000
 -0.195000 0.000000 0.000000
 -0.192000 0.000000 0.000000
 -0.189000 0.000000 0.000000
 -0.186000 0.000000 0.000000
 -0.183000 0.000000 0.000000
 -0.180000 0.000000 0.000000
 -0.177000 0.000000 0.000000
 -0.174000 0.000000 0.000000
 -0.171000 0.000000 0.000000
 -0.168000 0.000000 0.000000
 -0.165000 0.000000 0.000000
 -0.162000 0.000000 0.000000
 -0.159000 0.000000 0.000000
 -0.156000 0.000000 0.000000
 -0.153000 0.000000 0.000000
 -0.150000 0.000000 0.000000
 -0.147000 0.000000 0.000000
 -0.144000 0.000000 0.000000
 -0.141000 0.000000 0.000000
 -0.138000 0.000000 0.000000
 -0.135000 0.000000 0.000000
 -0.132000 0.000000 0.000000
 -0.129000 0.000000 0.000000
 -0.126000 0.000000 0.000000
 -0.123000 0.000000 0.000000
 -0.120000 0.000000 0.000000
 -0.117000 0.000000 0.000000
 -0.114000 0.000000 0.000000
 -0.111000 0.000000 0.000000
 -0.108000 0.000000 0.000000
 -0.105000 0.000000 0.000000
 -0.102000 0.000000 0.000000
 -0.099000 0.000000 0.000000
 -0.096000 0.000000 0.000000
 -0.093000 0.000000 0.000000
 -0.090000 0.000000 0.000000
 -0.087000 0.000000 0.000000
 -0.084000 0.000000 0.000000
 -0.081000 0.000000 0.000000
 -0.078000 0.000000 0.000000
 -0.075000 0.000000 0.000000
 -0.072000 0.000000 0.000000
 -0.069000 0.000000 0.000000
 -0.066000 0.000000 0.000000
 -0.063000 0.000000 0.000000
 -0.060000 0.000000 0.000000
 -0.057000 0.000000 0.000000
 -0.054000 0.000000 0.000000
 -0.051000 0.000000 0.000000
 -0.048000 0.000000 0.000000
 -0.045000 0.000000 0.000000
 -0.042000 0.000000 0.000000
 -0.039000 0.000000 0.000000
 -0.036000 0.000000 0.000000
 -0.033000 0.000000 0.000000
 -0.030000 0.000000 0.000001
 -0.027000 0.000000 0.000002
 -0.024000 0.000000 0.000003
 -0.021000 0.000000 0.000004
 -0.018000 0.000000 0.000005
 -0.015000 0.000000 0.000008
 -0.012000 0.000000 0.000011
 -0.009000 0.000000 0.000014
 -0.006000 0.000000 0.000018
 -0.003000 0.000000 0.000023
 0.000000 0.000000 0.000028
 0.003000 0.000001 0.000036
 0.006000 0.000001 0.000045
 0.009000 0.000001 0.000057
 0.012000 0.000001 0.000070
 0.015000 0.000001 0.000086
 0.018000 0.000002 0.000106
 0.021000 0.000002 0.000129
 0.024000 0.000003 0.000156
 0.027000 0.000003 0.000189
 0.030000 0.000004 0.000226
 0.033000 0.000005 0.000269
 0.036000 0.000006 0.000318
 0.039000 0.000007 0.000375
 0.042000 0.000008 0.000442
 0.045000 0.000010 0.000521
 0.048000 0.000012 0.000612
 0.051000 0.000014 0.000717
 0.054000 0.000016 0.000835
 0.057000 0.000019 0.000971
 0.060000 0.000023 0.001127
 0.063000 0.000027 0.001303
 0.066000 0.000031 0.001502
 0.069000 0.000036 0.001726
 0.072000 0.000042 0.001980
 0.075000 0.000049 0.002265
 0.078000 0.000056 0.002584
 0.081000 0.000065 0.002941
 0.084000 0.000075 0.003339
 0.087000 0.000086 0.003782
 0.090000 0.000099 0.004274
 0.093000 0.000113 0.004815
 0.096000 0.000128 0.005413
 0.099000 0.000146 0.006070
 0.102000 0.000166 0.006793
 0.105000 0.000188 0.007587
 0.108000 0.000213 0.008462
 0.111000 0.000241 0.009424
 0.114000 0.000271 0.010466
 0.117000 0.000305 0.011599
 0.120000 0.000342 0.012832
 0.123000 0.000384 0.014169
 0.126000 0.000429 0.015619
 0.129000 0.000479 0.017187
 0.132000 0.000534 0.018878
 0.135000 0.000595 0.020696
 0.138000 0.000661 0.022652
 0.141000 0.000733 0.024752
 0.144000 0.000812 0.027000
 0.147000 0.000898 0.029407
 0.150000 0.000991 0.031975
 0.153000 0.001093 0.034713
 0.156000 0.001203 0.037622
 0.159000 0.001322 0.040715
 0.162000 0.001450 0.043991
 0.165000 0.001589 0.047458
 0.168000 0.001739 0.051123
 0.171000 0.001900 0.054992
 0.174000 0.002073 0.059064
 0.177000 0.002258 0.063345
 0.180000 0.002457 0.067851
 0.183000 0.002670 0.072574
 0.186000 0.002898 0.077524
 0.189000 0.003141 0.082700
 0.192000 0.003400 0.088109
 0.195000 0.003675 0.093757
 0.198000 0.003968 0.099643
 0.201000 0.004279 0.105779
 0.204000 0.004609 0.112166
 0.207000 0.004959 0.118809
 0.210000 0.005329 0.125723
 0.213000 0.005721 0.132902
 0.216000 0.006135 0.140356
 0.219000 0.006572 0.148089
 0.222000 0.007032 0.156108
 0.225000 0.007517 0.164435
 0.228000 0.008028 0.173069
 0.231000 0.008566 0.182030
 0.234000 0.009131 0.191322
 0.237000 0.009724 0.200958
 0.240000 0.010348 0.210951
 0.243000 0.011002 0.221327
 0.246000 0.011688 0.232092
 0.249000 0.012407 0.243271
 0.252000 0.013161 0.254889
 0.255000 0.013950 0.266970
 0.258000 0.014777 0.279525
 0.261000 0.015643 0.292583
 0.264000 0.016548 0.306166
 0.267000 0.017496 0.320303
 0.270000 0.018487 0.335021
 0.273000 0.019524 0.350351
 0.276000 0.020608 0.366324
 0.279000 0.021741 0.382960
 0.282000 0.022926 0.400305
 0.285000 0.024164 0.418395
 0.288000 0.025458 0.437245
 0.291000 0.026811 0.456901
 0.294000 0.028224 0.477388
 0.297000 0.029700 0.498727
 0.300000 0.031242 0.520981
 0.303000 0.032852 0.544173
 0.306000 0.034534 0.568325
 0.309000 0.036291 0.593491
 0.312000 0.038125 0.619696
 0.315000 0.040040 0.646988
 0.318000 0.042039 0.675381
 0.321000 0.044125 0.704918
 0.324000 0.046303 0.735631
 0.327000 0.048575 0.767564
 0.330000 0.050945 0.800749
 0.333000 0.053418 0.835223
 0.336000 0.055997 0.871006
 0.339000 0.058685 0.908132
 0.342000 0.061488 0.946660
 0.345000 0.064409 0.986608
 0.348000 0.067453 1.028018
 0.351000 0.070625 1.070929
 0.354000 0.073928 1.115376
 0.357000 0.077369 1.161418
 0.360000 0.080951 1.209078
 0.363000 0.084679 1.258383
 0.366000 0.088558 1.309382
 0.369000 0.092594 1.362115
 0.372000 0.096792 1.416633
 0.375000 0.101157 1.472991
 0.378000 0.105696 1.531211
 0.381000 0.110413 1.591349
 0.384000 0.115314 1.653440
 0.387000 0.120406 1.717546
 0.390000 0.125694 1.783714
 0.393000 0.131186 1.852019
 0.396000 0.136887 1.922509
 0.399000 0.142804 1.995239
 0.402000 0.148944 2.070275
 0.405000 0.155315 2.147684
 0.408000 0.161922 2.227508
 0.411000 0.168774 2.309806
 0.414000 0.175878 2.394651
 0.417000 0.183242 2.482128
 0.420000 0.190874 2.572287
 0.423000 0.198783 2.665267
 0.426000 0.206976 2.761092
 0.429000 0.215463 2.859858
 0.432000 0.224252 2.961643
 0.435000 0.233353 3.066515
 0.438000 0.242775 3.174546
 0.441000 0.252528 3.285843
 0.444000 0.262621 3.400505
 0.447000 0.273066 3.518625
 0.450000 0.283873 3.640300
 0.453000 0.295053 3.765612
 0.456000 0.306616 3.894632
 0.459000 0.318574 4.027481
 0.462000 0.330938 4.164201
 0.465000 0.343721 4.304896
 0.468000 0.356934 4.449668
 0.471000 0.370590 4.598577
 0.474000 0.384700 4.751663
 0.477000 0.399279 4.909038
 0.480000 0.414339 5.070771
 0.483000 0.429893 5.236933
 0.486000 0.445955 5.407604
 0.489000 0.462537 5.582787
 0.492000 0.479655 5.762558
 0.495000 0.497322 5.946977
 0.498000 0.515552 6.136079
 0.501000 0.534358 6.329863
 0.504000 0.553755 6.528315
 0.507000 0.573757 6.731525
 0.510000 0.594378 6.939499
 0.513000 0.615633 7.152197
 0.516000 0.637535 7.369605
 0.519000 0.660100 7.591759
 0.522000 0.683341 7.818632
 0.525000 0.707271 8.050118
 0.528000 0.731906 8.286256
 0.531000 0.757258 8.526963
 0.534000 0.783342 8.772174
 0.537000 0.810171 9.021863
 0.540000 0.837757 9.275908
 0.543000 0.866115 9.534213
 0.546000 0.895256 9.796654
 0.549000 0.925192 10.063105
 0.552000 0.955936 10.333513
 0.555000 0.987498 10.607594
 0.558000 1.019891 10.885314
 0.561000 1.053123 11.166400
 0.564000 1.087205 11.450644
 0.567000 1.122146 11.737869
 0.570000 1.157954 12.027696
 0.573000 1.194636 12.319949
 0.576000 1.232200 12.614357
 0.579000 1.270650 12.910436
 0.582000 1.309991 13.207889
 0.585000 1.350227 13.506333
 0.588000 1.391358 13.805287
 0.591000 1.433388 14.104345
 0.594000 1.476313 14.402944
 0.597000 1.520133 14.700543
 0.600000 1.564842 14.996561
 0.603000 1.610435 15.290367
 0.606000 1.656904 15.581283
 0.609000 1.704239 15.868574
 0.612000 1.752426 16.151478
 0.615000 1.801453 16.429148
 0.618000 1.851300 16.700722
 0.621000 1.901949 16.965319
 0.624000 1.953377 17.221922
 0.627000 2.005557 17.469524
 0.630000 2.058462 17.707100
 0.633000 2.112058 17.933469
 0.636000 2.166311 18.147451
 0.639000 2.221181 18.347839
 0.642000 2.276624 18.533330
 0.645000 2.332595 18.702565
 0.648000 2.389042 18.854177
 0.651000 2.445909 18.986694
 0.654000 2.503137 19.098628
 0.657000 2.560663 19.188492
 0.660000 2.618416 19.254683
 0.663000 2.676324 19.295522
 0.666000 2.734307 19.309423
 0.669000 2.792283 19.294696
 0.672000 2.850163 19.249693
 0.675000 2.907853 19.172574
 0.678000 2.965255 19.061681
 0.681000 3.022266 18.915331
 0.684000 3.078776 18.731858
 0.687000 3.134672 18.509577
 0.690000 3.189835 18.246852
 0.693000 3.244141 17.942079
 0.696000 3.297464 17.593758
 0.699000 3.349669 17.200500
 0.702000 3.400620 16.760931
 0.705000 3.450177 16.273852
 0.708000 3.498196 15.738165
 0.711000 3.544530 15.152925
 0.714000 3.589028 14.517382
 0.717000 3.631541 13.830926
 0.720000 3.671914 13.093153
 0.723000 3.709994 12.303911
 0.726000 3.745626 11.463286
 0.729000 3.778657 10.571610
 0.732000 3.808935 9.629476
 0.735000 3.836310 8.637748
 0.738000 3.860635 7.597616
 0.741000 3.881767 6.510545
 0.744000 3.899568 5.378379
 0.747000 3.913905 4.203247
 0.750000 3.924654 2.987633
 0.753000 3.931697 1.734323
 0.756000 3.934925 0.446451
 0.759000 3.934240 -0.872504
 0.762000 3.929555 -2.218759
 0.765000 3.920793 -3.588235
 0.768000 3.907892 -4.976535
 0.771000 3.890802 -6.378974
 0.774000 3.869488 -7.790587
 0.777000 3.843930 -9.206228
 0.780000 3.814122 -10.620440
 0.783000 3.780080 -12.027750
 0.786000 3.741830 -13.422433
 0.789000 3.699421 -14.798700
 0.792000 3.652916 -16.150713
 0.795000 3.602396 -17.472600
 0.798000 3.547961 -18.758476
 0.801000 3.489727 -20.002558
 0.804000 3.427828 -21.199194
 0.807000 3.362414 -22.342888
 0.810000 3.293653 -23.428381
 0.813000 3.221726 -24.450690
 0.816000 3.146830 -25.405083
 0.819000 3.069175 -26.287253
 0.822000 2.988985 -27.093227
 0.825000 2.906493 -27.819455
 0.828000 2.821942 -28.462894
 0.831000 2.735586 -29.021042
 0.834000 2.647684 -29.491808
 0.837000 2.558499 -29.873700
 0.840000 2.468300 -30.165790
 0.843000 2.377357 -30.367701
 0.846000 2.285940 -30.479712
 0.849000 2.194318 -30.502573
 0.852000 2.102755 -30.437636
 0.855000 2.011514 -30.286815
 0.858000 1.920848 -30.052585
 0.861000 1.831004 -29.737928
 0.864000 1.742216 -29.346168
 0.867000 1.654711 -28.881193
 0.870000 1.568703 -28.347314
 0.873000 1.484391 -27.749159
 0.876000 1.401960 -27.091584
 0.879000 1.321580 -26.379819
 0.882000 1.243408 -25.619346
 0.885000 1.167580 -24.815615
 0.888000 1.094218 -23.974330
 0.891000 1.023425 -23.101209
 0.894000 0.955289 -22.201914
 0.897000 0.889880 -21.282137
 0.900000 0.827252 -20.347435
 0.903000 0.767440 -19.403213
 0.906000 0.710466 -18.454677
 0.909000 0.656334 -17.506728
 0.912000 0.605038 -16.564219
 0.915000 0.556551 -15.631414
 0.918000 0.510842 -14.712525
 0.921000 0.467861 -13.811306
 0.924000 0.427550 -12.931113
 0.927000 0.389844 -12.075104
 0.930000 0.354663 -11.245818
 0.933000 0.321925 -10.445534
 0.936000 0.291542 -9.676349
 0.939000 0.263416 -8.939734
 0.942000 0.237449 -8.236875
 0.945000 0.213538 -7.568702
 0.948000 0.191578 -6.935690
 0.951000 0.171465 -6.338166
 0.954000 0.153090 -5.776080
 0.957000 0.136350 -5.249168
 0.960000 0.121140 -4.756892
 0.963000 0.107356 -4.298545
 0.966000 0.094900 -3.873255
 0.969000 0.083674 -3.479943
 0.972000 0.073583 -3.117437
 0.975000 0.064539 -2.784430
 0.978000 0.056455 -2.479497
 0.981000 0.049248 -2.201254
 0.984000 0.042843 -1.948187
 0.987000 0.037165 -1.718741
 0.990000 0.032146 -1.511464
 0.993000 0.027723 -1.324826
 0.996000 0.023837 -1.157331
 0.999000 0.020432 -1.007549
 1.002000 0.017457 -0.874063
 1.005000 0.014867 -0.755502
 1.008000 0.012618 -0.650594
 1.011000 0.010671 -0.558092
 1.014000 0.008992 -0.476811
 1.017000 0.007549 -0.405674
 1.020000 0.006312 -0.343700
 1.023000 0.005257 -0.289891
 1.026000 0.004359 -0.243362
 1.029000 0.003597 -0.203263
 1.032000 0.002956 -0.168979
 1.035000 0.002417 -0.139742
 1.038000 0.001966 -0.114904
 1.041000 0.001590 -0.093888
 1.044000 0.001278 -0.076221
 1.047000 0.001020 -0.061459
 1.050000 0.000809 -0.049208
 1.053000 0.000637 -0.039095
 1.056000 0.000498 -0.030798
 1.059000 0.000386 -0.024054
 1.062000 0.000296 -0.018603
 1.065000 0.000225 -0.014245
 1.068000 0.000169 -0.010798
 1.071000 0.000126 -0.008096
 1.074000 0.000093 -0.005997
 1.077000 0.000068 -0.004389
 1.080000 0.000048 -0.003169
 1.083000 0.000034 -0.002251
 1.086000 0.000024 -0.001566
 1.089000 0.000016 -0.001074
 1.092000 0.000011 -0.000718
 1.095000 0.000007 -0.000466
 1.098000 0.000005 -0.000305
 1.101000 0.000003 -0.000190
 1.104000 0.000002 -0.000115
 1.107000 0.000001 -0.000067
 1.110000 0.000001 -0.000040
 1.113000 0.000000 -0.000024
 1.116000 0.000000 -0.000013
 1.119000 0.000000 -0.000006
 1.122000 0.000000 -0.000002
 1.125000 0.000000 -0.000001
 1.128000 0.000000 -0.000000
 1.131000 0.000000 -0.000000
 1.134000 0.000000 -0.000000
 1.137000 0.000000 0.000000
 1.140000 0.000000 0.000000
 1.143000 0.000000 0.000000
 1.146000 0.000000 0.000000
 1.149000 0.000000 0.000000
 1.152000 0.000000 0.000000
 1.155000 0.000000 0.000000
 1.158000 0.000000 0.000000
 1.161000 0.000000 0.000000
 1.164000 0.000000 0.000000
 1.167000 0.000000 0.000000
 1.170000 0.000000 0.000000
 1.173000 0.000000 0.000000
 1.176000 0.000000 0.000000
 1.179000 0.000000 0.000000
 1.182000 0.000000 0.000000
 1.185000 0.000000 0.000000
 1.188000 0.000000 0.000000
 1.191000 0.000000 0.000000
 1.194000 0.000000 0.000000
 1.197000 0.000000 0.000000
 1.200000 0.000000 0.000000
 1.203000 0.000000 0.000000
 1.206000 0.000000 0.000000
 1.209000 0.000000 0.000000
 1.212000 0.000000 0.000000
 1.215000 0.000000 0.000000
 1.218000 0.000000 0.000000
 1.221000 0.000000 0.000000
 1.224000 0.000000 0.000000
 1.227000 0.000000 0.000000
 1.230000 0.000000 0.000000
 1.233000 0.000000 0.000000
 1.236000 0.000000 0.000000
 1.239000 0.000000 0.000000
 1.242000 0.000000 0.000000
 1.245000 0.000000 0.000000
 1.248000 0.000000 0.000000
 1.251000 0.000000 0.000000
 1.254000 0.000000 0.000000
 1.257000 0.000000 0.000000
 1.260000 0.000000 0.000000
 1.263000 0.000000 0.000000
 1.266000 0.000000 0.000000
 1.269000 0.000000 0.000000
 1.272000 0.000000 0.000000
 1.275000 0.000000 0.000000
 1.278000 0.000000 0.000000
 1.281000 0.000000 0.000000
 1.284000 0.000000 0.000000
 1.287000 0.000000 0.000000
 1.290000 0.000000 0.000000
 1.293000 0.000000 0.000000
 1.296000 0.000000 0.000000
 1.299000 0.000000 0.000000
 1.302000 0.000000 0.000000
 1.305000 0.000000 0.000000
 1.308000 0.000000 0.000000
 1.311000 0.000000 0.000000
 1.314000 0.000000 0.000000
 1.317000 0.000000 0.000000
 1.320000 0.000000 0.000000
 1.323000 0.000000 0.000000
 1.326000 0.000000 0.000000
 1.329000 0.000000 0.000000
 1.332000 0.000000 0.000000
 1.335000 0.000000 0.000000
 1.338000 0.000000 0.000000
 1.341000 0.000000 0.000000
 1.344000 0.000000 0.000000
 1.347000 0.000000 0.000000
 1.350000 0.000000 0.000000
 1.353000 0.000000 0.000000
 1.356000 0.000000 0.000000
 1.359000 0.000000 0.000000
 1.362000 0.000000 0.000000
 1.365000 0.000000 0.000000
 1.368000 0.000000 0.000000
 1.371000 0.000000 0.000000
 1.374000 0.000000 0.000000
 1.377000 0.000000 0.000000
 1.380000 0.000000 0.000000
 1.383000 0.000000 0.000000
 1.386000 0.000000 0.000000
 1.389000 0.000000 0.000000
 1.392000 0.000000 0.000000
 1.395000 0.000000 0.000000
 1.398000 0.000000 0.000000
 1.401000 0.000000 0.000000
 1.404000 0.000000 0.000000
 1.407000 0.000000 0.000000
 1.410000 0.000000 0.000000
 1.413000 0.000000 0.000000
 1.416000 0.000000 0.000000
 1.419000 0.000000 0.000000
 1.422000 0.000000 0.000000
 1.425000 0.000000 0.000000
 1.428000 0.000000 0.000000
 1.431000 0.000000 0.000000
 1.434000 0.000000 0.000000
 1.437000 0.000000 0.000000
 1.440000 0.000000 0.000000
 1.443000 0.000000 0.000000
 1.446000 0.000000 0.000000
 1.449000 0.000000 0.000000
 1.452000 0.000000 0.000000
 1.455000 0.000000 0.000000
 1.458000 0.000000 0.000000
 1.461000 0.000000 0.000000
 1.464000 0.000000 0.000000
 1.467000 0.000000 0.000000
 1.470000 0.000000 0.000000
 1.473000 0.000000 0.000000
 1.476000 0.000000 0.000000
 1.479000 0.000000 0.000000
 1.482000 0.000000 0.000000
 1.485000 0.000000 0.000000
 1.488000 0.000000 0.000000
 1.491000 0.000000 0.000000
 1.494000 0.000000 0.000000
 1.497000 0.000000 0.000000
 1.500000 0.000000 0.000000
