#! FIELDS refcv hh dhh_refcv
#! SET normalisation  24001.000000
#! SET min_refcv -1.5
#! SET max_refcv 1.5
#! SET nbins_refcv  1000
#! SET periodic_refcv false
 -1.500000 0.000000 0.000000
 -1.497000 0.000000 0.000000
 -1.494000 0.000000 0.000000
 -1.491000 0.000000 0.000000
 -1.488000 0.000000 0.000000
 -1.485000 0.000000 0.000000
 -1.482000 0.000000 0.000000
 -1.479000 0.000000 0.000000
 -1.476000 0.000000 0.000000
 -1.473000 0.000000 0.000000
 -1.470000 0.000000 0.000000
 -1.467000 0.000000 0.000000
 -1.464000 0.000000 0.000000
 -1.461000 0.000000 0.000000
 -1.458000 0.000000 0.000000
 -1.455000 0.000000 0.000000
 -1.452000 0.000000 0.000000
 -1.449000 0.000000 0.000000
 -1.446000 0.000000 0.000000
 -1.443000 0.000000 0.000000
 -1.440000 0.000000 0.000000
 -1.437000 0.000000 0.000000
 -1.434000 0.000000 0.000000
 -1.431000 0.000000 0.000000
 -1.428000 0.000000 0.000000
 -1.425000 0.000000 0.000000
 -1.422000 0.000000 0.000000
 -1.419000 0.000000 0.000000
 -1.416000 0.000000 0.000000
 -1.413000 0.000000 0.000000
 -1.410000 0.000000 0.000000
 -1.407000 0.000000 0.000000
 -1.404000 0.000000 0.000000
 -1.401000 0.000000 0.000000
 -1.398000 0.000000 0.000000
 -1.395000 0.000000 0.000000
 -1.392000 0.000000 0.000000
 -1.389000 0.000000 0.000000
 -1.386000 0.000000 0.000000
 -1.383000 0.000000 0.000000
 -1.380000 0.000000 0.000000
 -1.377000 0.000000 0.000000
 -1.374000 0.000000 0.000000
 -1.371000 0.000000 0.000000
 -1.368000 0.000000 0.000000
 -1.365000 0.000000 0.000000
 -1.362000 0.000000 0.000000
 -1.359000 0.000000 0.000000
 -1.356000 0.000000 0.000000
 -1.353000 0.000000 0.000000
 -1.350000 0.000000 0.000000
 -1.347000 0.000000 0.000000
 -1.344000 0.000000 0.000000
 -1.341000 0.000000 0.000000
 -1.338000 0.000000 0.000000
 -1.335000 0.000000 0.000000
 -1.332000 0.000000 0.000000
 -1.329000 0.000000 0.000000
 -1.326000 0.000000 0.000000
 -1.323000 0.000000 0.000000
 -1.320000 0.000000 0.000000
 -1.317000 0.000000 0.000000
 -1.314000 0.000000 0.000000
 -1.311000 0.000000 0.000000
 -1.308000 0.000000 0.000000
 -1.305000 0.000000 0.000000
 -1.302000 0.000000 0.000000
 -1.299000 0.000000 0.000000
 -1.296000 0.000000 0.000000
 -1.293000 0.000000 0.000000
 -1.290000 0.000000 0.000000
 -1.287000 0.000000 0.000000
 -1.284000 0.000000 0.000000
 -1.281000 0.000000 0.000000
 -1.278000 0.000000 0.000000
 -1.275000 0.000000 0.000000
 -1.272000 0.000000 0.000000
 -1.269000 0.000000 0.000000
 -1.266000 0.000000 0.000000
 -1.263000 0.000000 0.000000
 -1.260000 0.000000 0.000000
 -1.257000 0.000000 0.000000
 -1.254000 0.000000 0.000000
 -1.251000 0.000000 0.000000
 -1.248000 0.000000 0.000000
 -1.245000 0.000000 0.000000
 -1.242000 0.000000 0.000000
 -1.239000 0.000000 0.000000
 -1.236000 0.000000 0.000000
 -1.233000 0.000000 0.000000
 -1.230000 0.000000 0.000000
 -1.227000 0.000000 0.000000
 -1.224000 0.000000 0.000000
 -1.221000 0.000000 0.000000
 -1.218000 0.000000 0.000000
 -1.215000 0.000000 0.000000
 -1.212000 0.000000 0.000000
 -1.209000 0.000000 0.000000
 -1.206000 0.000000 0.000000
 -1.203000 0.000000 0.000000
 -1.200000 0.000000 0.000000
 -1.197000 0.000000 0.000000
 -1.194000 0.000000 0.000000
 -1.191000 0.000000 0.000000
 -1.188000 0.000000 0.000000
 -1.185000 0.000000 0.000000
 -1.182000 0.000000 0.000000
 -1.179000 0.000000 0.000000
 -1.176000 0.000000 0.000000
 -1.173000 0.000000 0.000000
 -1.170000 0.000000 0.000000
 -1.167000 0.000000 0.000000
 -1.164000 0.000000 0.000000
 -1.161000 0.000000 0.000000
 -1.158000 0.000000 0.000000
 -1.155000 0.000000 0.000000
 -1.152000 0.000000 0.000000
 -1.149000 0.000000 0.000000
 -1.146000 0.000000 0.000000
 -1.143000 0.000000 0.000000
 -1.140000 0.000000 0.000000
 -1.137000 0.000000 0.000000
 -1.134000 0.000000 0.000000
 -1.131000 0.000000 0.000000
 -1.128000 0.000000 0.000000
 -1.125000 0.000000 0.000000
 -1.122000 0.000000 0.000000
 -1.119000 0.000000 0.000000
 -1.116000 0.000000 0.000000
 -1.113000 0.000000 0.000000
 -1.110000 0.000000 0.000000
 -1.107000 0.000000 0.000000
 -1.104000 0.000000 0.000000
 -1.101000 0.000000 0.000000
 -1.098000 0.000000 0.000000
 -1.095000 0.000000 0.000000
 -1.092000 0.000000 0.000000
 -1.089000 0.000000 0.000000
 -1.086000 0.000000 0.000000
 -1.083000 0.000000 0.000000
 -1.080000 0.000000 0.000000
 -1.077000 0.000000 0.000000
 -1.074000 0.000000 0.000000
 -1.071000 0.000000 0.000000
 -1.068000 0.000000 0.000000
 -1.065000 0.000000 0.000000
 -1.062000 0.000000 0.000000
 -1.059000 0.000000 0.000000
 -1.056000 0.000000 0.000000
 -1.053000 0.000000 0.000000
 -1.050000 0.000000 0.000000
 -1.047000 0.000000 0.000000
 -1.044000 0.000000 0.000000
 -1.041000 0.000000 0.000000
 -1.038000 0.000000 0.000000
 -1.035000 0.000000 0.000000
 -1.032000 0.000000 0.000000
 -1.029000 0.000000 0.000000
 -1.026000 0.000000 0.000000
 -1.023000 0.000000 0.000000
 -1.020000 0.000000 0.000000
 -1.017000 0.000000 0.000000
 -1.014000 0.000000 0.000000
 -1.011000 0.000000 0.000000
 -1.008000 0.000000 0.000000
 -1.005000 0.000000 0.000000
 -1.002000 0.000000 0.000000
 -0.999000 0.000000 0.000000
 -0.996000 0.000000 0.000000
 -0.993000 0.000000 0.000000
 -0.990000 0.000000 0.000000
 -0.987000 0.000000 0.000000
 -0.984000 0.000000 0.000000
 -0.981000 0.000000 0.000000
 -0.978000 0.000000 0.000000
 -0.975000 0.000000 0.000000
 -0.972000 0.000000 0.000000
 -0.969000 0.000000 0.000000
 -0.966000 0.000000 0.000000
 -0.963000 0.000000 0.000000
 -0.960000 0.000000 0.000000
 -0.957000 0.000000 0.000000
 -0.954000 0.000000 0.000000
 -0.951000 0.000000 0.000000
 -0.948000 0.000000 0.000000
 -0.945000 0.000000 0.000000
 -0.942000 0.000000 0.000000
 -0.939000 0.000000 0.000000
 -0.936000 0.000000 0.000000
 -0.933000 0.000000 0.000000
 -0.930000 0.000000 0.000000
 -0.927000 0.000000 0.000000
 -0.924000 0.000000 0.000000
 -0.921000 0.000000 0.000000
 -0.918000 0.000000 0.000000
 -0.915000 0.000000 0.000000
 -0.912000 0.000000 0.000000
 -0.909000 0.000000 0.000000
 -0.906000 0.000000 0.000000
 -0.903000 0.000000 0.000000
 -0.900000 0.000000 0.000000
 -0.897000 0.000000 0.000000
 -0.894000 0.000000 0.000000
 -0.891000 0.000000 0.000000
 -0.888000 0.000000 0.000000
 -0.885000 0.000000 0.000000
 -0.882000 0.000000 0.000000
 -0.879000 0.000000 0.000000
 -0.876000 0.000000 0.000000
 -0.873000 0.000000 0.000000
 -0.870000 0.000000 0.000000
 -0.867000 0.000000 0.000000
 -0.864000 0.000000 0.000000
 -0.861000 0.000000 0.000000
 -0.858000 0.000000 0.000000
 -0.855000 0.000000 0.000000
 -0.852000 0.000000 0.000000
 -0.849000 0.000000 0.000000
 -0.846000 0.000000 0.000000
 -0.843000 0.000000 0.000000
 -0.840000 0.000000 0.000000
 -0.837000 0.000000 0.000000
 -0.834000 0.000000 0.000000
 -0.831000 0.000000 0.000000
 -0.828000 0.000000 0.000000
 -0.825000 0.000000 0.000000
 -0.822000 0.000000 0.000000
 -0.819000 0.000000 0.000000
 -0.816000 0.000000 0.000000
 -0.813000 0.000000 0.000000
 -0.810000 0.000000 0.000000
 -0.807000 0.000000 0.000000
 -0.804000 0.000000 0.000000
 -0.801000 0.000000 0.000000
 -0.798000 0.000000 0.000000
 -0.795000 0.000000 0.000000
 -0.792000 0.000000 0.000000
 -0.789000 0.000000 0.000000
 -0.786000 0.000000 0.000000
 -0.783000 0.000000 0.000000
 -0.780000 0.000000 0.000000
 -0.777000 0.000000 0.000000
 -0.774000 0.000000 0.000000
 -0.771000 0.000000 0.000000
 -0.768000 0.000000 0.000000
 -0.765000 0.000000 0.000000
 -0.762000 0.000000 0.000000
 -0.759000 0.000000 0.000000
 -0.756000 0.000000 0.000000
 -0.753000 0.000000 0.000000
 -0.750000 0.000000 0.000000
 -0.747000 0.000000 0.000000
 -0.744000 0.000000 0.000000
 -0.741000 0.000000 0.000000
 -0.738000 0.000000 0.000000
 -0.735000 0.000000 0.000000
 -0.732000 0.000000 0.000000
 -0.729000 0.000000 0.000000
 -0.726000 0.000000 0.000000
 -0.723000 0.000000 0.000000
 -0.720000 0.000000 0.000000
 -0.717000 0.000000 0.000000
 -0.714000 0.000000 0.000000
 -0.711000 0.000000 0.000000
 -0.708000 0.000000 0.000000
 -0.705000 0.000000 0.000000
 -0.702000 0.000000 0.000000
 -0.699000 0.000000 0.000000
 -0.696000 0.000000 0.000000
 -0.693000 0.000000 0.000000
 -0.690000 0.000000 0.000000
 -0.687000 0.000000 0.000000
 -0.684000 0.000000 0.000000
 -0.681000 0.000000 0.000000
 -0.678000 0.000000 0.000000
 -0.675000 0.000000 0.000000
 -0.672000 0.000000 0.000000
 -0.669000 0.000000 0.000000
 -0.666000 0.000000 0.000000
 -0.663000 0.000000 0.000000
 -0.660000 0.000000 0.000000
 -0.657000 0.000000 0.000000
 -0.654000 0.000000 0.000000
 -0.651000 0.000000 0.000000
 -0.648000 0.000000 0.000000
 -0.645000 0.000000 0.000000
 -0.642000 0.000000 0.000000
 -0.639000 0.000000 0.000000
 -0.636000 0.000000 0.000000
 -0.633000 0.000000 0.000000
 -0.630000 0.000000 0.000000
 -0.627000 0.000000 0.000000
 -0.624000 0.000000 0.000000
 -0.621000 0.000000 0.000000
 -0.618000 0.000000 0.000000
 -0.615000 0.000000 0.000000
 -0.612000 0.000000 0.000000
 -0.609000 0.000000 0.000000
 -0.606000 0.000000 0.000000
 -0.603000 0.000000 0.000000
 -0.600000 0.000000 0.000000
 -0.597000 0.000000 0.000000
 -0.594000 0.000000 0.000000
 -0.591000 0.000000 0.000000
 -0.588000 0.000000 0.000000
 -0.585000 0.000000 0.000000
 -0.582000 0.000000 0.000000
 -0.579000 0.000000 0.000000
 -0.576000 0.000000 0.000000
 -0.573000 0.000000 0.000000
 -0.570000 0.000000 0.000000
 -0.567000 0.000000 0.000000
 -0.564000 0.000000 0.000000
 -0.561000 0.000000 0.000000
 -0.558000 0.000000 0.000000
 -0.555000 0.000000 0.000000
 -0.552000 0.000000 0.000000
 -0.549000 0.000000 0.000000
 -0.546000 0.000000 0.000000
 -0.543000 0.000000 0.000000
 -0.540000 0.000000 0.000000
 -0.537000 0.000000 0.000000
 -0.534000 0.000000 0.000000
 -0.531000 0.000000 0.000000
 -0.528000 0.000000 0.000000
 -0.525000 0.000000 0.000000
 -0.522000 0.000000 0.000000
 -0.519000 0.000000 0.000000
 -0.516000 0.000000 0.000000
 -0.513000 0.000000 0.000000
 -0.510000 0.000000 0.000000
 -0.507000 0.000000 0.000000
 -0.504000 0.000000 0.000000
 -0.501000 0.000000 0.000000
 -0.498000 0.000000 0.000000
 -0.495000 0.000000 0.000000
 -0.492000 0.000000 0.000000
 -0.489000 0.000000 0.000000
 -0.486000 0.000000 0.000000
 -0.483000 0.000000 0.000000
 -0.480000 0.000000 0.000000
 -0.477000 0.000000 0.000000
 -0.474000 0.000000 0.000000
 -0.471000 0.000000 0.000000
 -0.468000 0.000000 0.000000
 -0.465000 0.000000 0.000000
 -0.462000 0.000000 0.000000
 -0.459000 0.000000 0.000000
 -0.456000 0.000000 0.000000
 -0.453000 0.000000 0.000000
 -0.450000 0.000000 0.000000
 -0.447000 0.000000 0.000000
 -0.444000 0.000000 0.000000
 -0.441000 0.000000 0.000000
 -0.438000 0.000000 0.000000
 -0.435000 0.000000 0.000000
 -0.432000 0.000000 0.000000
 -0.429000 0.000000 0.000000
 -0.426000 0.000000 0.000000
 -0.423000 0.000000 0.000000
 -0.420000 0.000000 0.000000
 -0.417000 0.000000 0.000000
 -0.414000 0.000000 0.000000
 -0.411000 0.000000 0.000000
 -0.408000 0.000000 0.000000
 -0.405000 0.000000 0.000000
 -0.402000 0.000000 0.000000
 -0.399000 0.000000 0.000000
 -0.396000 0.000000 0.000000
 -0.393000 0.000000 0.000000
 -0.390000 0.000000 0.000000
 -0.387000 0.000000 0.000000
 -0.384000 0.000000 0.000000
 -0.381000 0.000000 0.000000
 -0.378000 0.000000 0.000000
 -0.375000 0.000000 0.000000
 -0.372000 0.000000 0.000000
 -0.369000 0.000000 0.000000
 -0.366000 0.000000 0.000000
 -0.363000 0.000000 0.000000
 -0.360000 0.000000 0.000000
 -0.357000 0.000000 0.000000
 -0.354000 0.000000 0.000000
 -0.351000 0.000000 0.000000
 -0.348000 0.000000 0.000000
 -0.345000 0.000000 0.000000
 -0.342000 0.000000 0.000000
 -0.339000 0.000000 0.000000
 -0.336000 0.000000 0.000000
 -0.333000 0.000000 0.000000
 -0.330000 0.000000 0.000000
 -0.327000 0.000000 0.000000
 -0.324000 0.000000 0.000000
 -0.321000 0.000000 0.000000
 -0.318000 0.000000 0.000000
 -0.315000 0.000000 0.000000
 -0.312000 0.000000 0.000000
 -0.309000 0.000000 0.000000
 -0.306000 0.000000 0.000000
 -0.303000 0.000000 0.000000
 -0.300000 0.000000 0.000000
 -0.297000 0.000000 0.000000
 -0.294000 0.000000 0.000000
 -0.291000 0.000000 0.000000
 -0.288000 0.000000 0.000000
 -0.285000 0.000000 0.000000
 -0.282000 0.000000 0.000000
 -0.279000 0.000000 0.000000
 -0.276000 0.000000 0.000000
 -0.273000 0.000000 0.000000
 -0.270000 0.000000 0.000000
 -0.267000 0.000000 0.000000
 -0.264000 0.000000 0.000000
 -0.261000 0.000000 0.000000
 -0.258000 0.000000 0.000000
 -0.255000 0.000000 0.000000
 -0.252000 0.000000 0.000000
 -0.249000 0.000000 0.000000
 -0.246000 0.000000 0.000000
 -0.243000 0.000000 0.000000
 -0.240000 0.000000 0.000000
 -0.237000 0.000000 0.000000
 -0.234000 0.000000 0.000000
 -0.231000 0.000000 0.000000
 -0.228000 0.000000 0.000000
 -0.225000 0.000000 0.000000
 -0.222000 0.000000 0.000000
 -0.219000 0.000000 0.000000
 -0.216000 0.000000 0.000000
 -0.213000 0.000000 0.000000
 -0.210000 0.000000 0.000000
 -0.207000 0.000000 0.000000
 -0.204000 0.000000 0.000000
 -0.201000 0.000000 0.000000
 -0.198000 0.000000 0.000000
 -0.195000 0.000000 0.000000
 -0.192000 0.000000 0.000000
 -0.189000 0.000000 0.000000
 -0.186000 0.000000 0.000000
 -0.183000 0.000000 0.000000
 -0.180000 0.000000 0.000000
 -0.177000 0.000000 0.000000
 -0.174000 0.000000 0.000000
 -0.171000 0.000000 0.000000
 -0.168000 0.000000 0.000000
 -0.165000 0.000000 0.000000
 -0.162000 0.000000 0.000000
 -0.159000 0.000000 0.000000
 -0.156000 0.000000 0.000000
 -0.153000 0.000000 0.000000
 -0.150000 0.000000 0.000000
 -0.147000 0.000000 0.000000
 -0.144000 0.000000 0.000000
 -0.141000 0.000000 0.000000
 -0.138000 0.000000 0.000000
 -0.135000 0.000000 0.000000
 -0.132000 0.000000 0.000000
 -0.129000 0.000000 0.000000
 -0.126000 0.000000 0.000000
 -0.123000 0.000000 0.000000
 -0.120000 0.000000 0.000000
 -0.117000 0.000000 0.000000
 -0.114000 0.000000 0.000000
 -0.111000 0.000000 0.000000
 -0.108000 0.000000 0.000000
 -0.105000 0.000000 0.000000
 -0.102000 0.000000 0.000000
 -0.099000 0.000000 0.000000
 -0.096000 0.000000 0.000000
 -0.093000 0.000000 0.000000
 -0.090000 0.000000 0.000000
 -0.087000 0.000000 0.000000
 -0.084000 0.000000 0.000000
 -0.081000 0.000000 0.000000
 -0.078000 0.000000 0.000000
 -0.075000 0.000000 0.000000
 -0.072000 0.000000 0.000000
 -0.069000 0.000000 0.000000
 -0.066000 0.000000 0.000000
 -0.063000 0.000000 0.000000
 -0.060000 0.000000 0.000000
 -0.057000 0.000000 0.000000
 -0.054000 0.000000 0.000001
 -0.051000 0.000000 0.000002
 -0.048000 0.000000 0.000005
 -0.045000 0.000000 0.000009
 -0.042000 0.000000 0.000018
 -0.039000 0.000000 0.000030
 -0.036000 0.000001 0.000050
 -0.033000 0.000001 0.000081
 -0.030000 0.000002 0.000134
 -0.027000 0.000003 0.000213
 -0.024000 0.000005 0.000332
 -0.021000 0.000008 0.000513
 -0.018000 0.000011 0.000755
 -0.015000 0.000016 0.001101
 -0.012000 0.000023 0.001559
 -0.009000 0.000033 0.002192
 -0.006000 0.000046 0.003042
 -0.003000 0.000064 0.004179
 0.000000 0.000087 0.005670
 0.003000 0.000117 0.007610
 0.006000 0.000156 0.010059
 0.009000 0.000206 0.013185
 0.012000 0.000269 0.017098
 0.015000 0.000349 0.022004
 0.018000 0.000449 0.028082
 0.021000 0.000573 0.035555
 0.024000 0.000727 0.044676
 0.027000 0.000915 0.055728
 0.030000 0.001145 0.069042
 0.033000 0.001423 0.085014
 0.036000 0.001760 0.104063
 0.039000 0.002166 0.126695
 0.042000 0.002652 0.153434
 0.045000 0.003231 0.184854
 0.048000 0.003919 0.221617
 0.051000 0.004733 0.264473
 0.054000 0.005694 0.314280
 0.057000 0.006822 0.371822
 0.060000 0.008143 0.438050
 0.063000 0.009684 0.514098
 0.066000 0.011477 0.601014
 0.069000 0.013555 0.699993
 0.072000 0.015957 0.812349
 0.075000 0.018724 0.939437
 0.078000 0.021904 1.082739
 0.081000 0.025546 1.243719
 0.084000 0.029707 1.424015
 0.087000 0.034445 1.625256
 0.090000 0.039827 1.849199
 0.093000 0.045921 2.097466
 0.096000 0.052806 2.372001
 0.099000 0.060560 2.674477
 0.102000 0.069271 3.006769
 0.105000 0.079029 3.370548
 0.108000 0.089931 3.767579
 0.111000 0.102080 4.199563
 0.114000 0.115582 4.668038
 0.117000 0.130548 5.174442
 0.120000 0.147096 5.720274
 0.123000 0.165342 6.306526
 0.126000 0.185409 6.934092
 0.129000 0.207424 7.603865
 0.132000 0.231511 8.316245
 0.135000 0.257801 9.071523
 0.138000 0.286419 9.869486
 0.141000 0.317494 10.709710
 0.144000 0.351151 11.591458
 0.147000 0.387511 12.513450
 0.150000 0.426693 13.474116
 0.153000 0.468812 14.471566
 0.156000 0.513971 15.503275
 0.159000 0.562270 16.566407
 0.162000 0.613799 17.657713
 0.165000 0.668636 18.773428
 0.168000 0.726848 19.909399
 0.171000 0.788488 21.061021
 0.174000 0.853597 22.223343
 0.177000 0.922197 23.390919
 0.180000 0.994296 24.558049
 0.183000 1.069884 25.718668
 0.186000 1.148930 26.866387
 0.189000 1.231388 27.994703
 0.192000 1.317187 29.096720
 0.195000 1.406241 30.165624
 0.198000 1.498436 31.194216
 0.201000 1.593643 32.175535
 0.204000 1.691709 33.102407
 0.207000 1.792461 33.967977
 0.210000 1.895703 34.765246
 0.213000 2.001221 35.487615
 0.216000 2.108781 36.128691
 0.219000 2.218128 36.682306
 0.222000 2.328996 37.142944
 0.225000 2.441092 37.505112
 0.228000 2.554117 37.764079
 0.231000 2.667755 37.915576
 0.234000 2.781676 37.955856
 0.237000 2.895543 37.881875
 0.240000 3.009010 37.691127
 0.243000 3.121723 37.381816
 0.246000 3.233325 36.952875
 0.249000 3.343457 36.403844
 0.252000 3.451759 35.735092
 0.255000 3.557871 34.947502
 0.258000 3.661442 34.042880
 0.261000 3.762124 33.023671
 0.264000 3.859575 31.892847
 0.267000 3.953469 30.654231
 0.270000 4.043489 29.312235
 0.273000 4.129331 27.871829
 0.276000 4.210708 26.338471
 0.279000 4.287350 24.718204
 0.282000 4.359008 23.017589
 0.285000 4.425449 21.243557
 0.288000 4.486465 19.403401
 0.291000 4.541869 17.504764
 0.294000 4.591497 15.555475
 0.297000 4.635210 13.563628
 0.300000 4.672892 11.537470
 0.303000 4.704453 9.485304
 0.306000 4.729828 7.415498
 0.309000 4.748975 5.336339
 0.312000 4.761880 3.256063
 0.315000 4.768551 1.182848
 0.318000 4.769022 -0.875416
 0.321000 4.763349 -2.910953
 0.324000 4.751612 -4.916329
 0.327000 4.733912 -6.884385
 0.330000 4.710371 -8.808304
 0.333000 4.681131 -10.681648
 0.336000 4.646354 -12.498361
 0.339000 4.606217 -14.252889
 0.342000 4.560915 -15.940044
 0.345000 4.510657 -17.555163
 0.348000 4.455665 -19.093997
 0.351000 4.396174 -20.552862
 0.354000 4.332428 -21.928518
 0.357000 4.264680 -23.218282
 0.360000 4.193192 -24.419897
 0.363000 4.118231 -25.531717
 0.366000 4.040066 -26.552424
 0.369000 3.958974 -27.481303
 0.372000 3.875228 -28.317994
 0.375000 3.789106 -29.062684
 0.378000 3.700882 -29.715922
 0.381000 3.610828 -30.278691
 0.384000 3.519214 -30.752371
 0.387000 3.426305 -31.138665
 0.390000 3.332358 -31.439608
 0.393000 3.237626 -31.657567
 0.396000 3.142354 -31.795142
 0.399000 3.046778 -31.855243
 0.402000 2.951126 -31.841016
 0.405000 2.855616 -31.755750
 0.408000 2.760455 -31.602895
 0.411000 2.665840 -31.385997
 0.414000 2.571959 -31.108866
 0.417000 2.478986 -30.775330
 0.420000 2.387084 -30.389101
 0.423000 2.296406 -29.954179
 0.426000 2.207092 -29.474434
 0.429000 2.119271 -28.953711
 0.432000 2.033060 -28.395863
 0.435000 1.948565 -27.804629
 0.438000 1.865881 -27.183808
 0.441000 1.785091 -26.536961
 0.444000 1.706269 -25.867620
 0.447000 1.629477 -25.179151
 0.450000 1.554768 -24.474945
 0.453000 1.482184 -23.757952
 0.456000 1.411762 -23.031333
 0.459000 1.343523 -22.297798
 0.462000 1.277488 -21.560159
 0.465000 1.213664 -20.820880
 0.468000 1.152054 -20.082274
 0.471000 1.092651 -19.346607
 0.474000 1.035447 -18.615912
 0.477000 0.980420 -17.891896
 0.480000 0.927551 -17.176483
 0.483000 0.876814 -16.471290
 0.486000 0.828174 -15.777547
 0.489000 0.781596 -15.096609
 0.492000 0.737039 -14.429503
 0.495000 0.694463 -13.777364
 0.498000 0.653822 -13.140991
 0.501000 0.615067 -12.521067
 0.504000 0.578148 -11.918305
 0.507000 0.543015 -11.333172
 0.510000 0.509612 -10.765955
 0.513000 0.477888 -10.217088
 0.516000 0.447786 -9.686739
 0.519000 0.419251 -9.174994
 0.522000 0.392228 -8.681946
 0.525000 0.366661 -8.207532
 0.528000 0.342494 -7.751717
 0.531000 0.319671 -7.314300
 0.534000 0.298139 -6.895148
 0.537000 0.277843 -6.493992
 0.540000 0.258730 -6.110526
 0.543000 0.240748 -5.744459
 0.546000 0.223844 -5.395339
 0.549000 0.207969 -5.062873
 0.552000 0.193072 -4.746498
 0.555000 0.179108 -4.445973
 0.558000 0.166028 -4.160669
 0.561000 0.153789 -3.890252
 0.564000 0.142345 -3.634079
 0.567000 0.131655 -3.391828
 0.570000 0.121679 -3.162930
 0.573000 0.112376 -2.946869
 0.576000 0.103709 -2.743238
 0.579000 0.095640 -2.551308
 0.582000 0.088136 -2.370844
 0.585000 0.081163 -2.201249
 0.588000 0.074689 -2.042027
 0.591000 0.068683 -1.892745
 0.594000 0.063115 -1.752845
 0.597000 0.057959 -1.621925
 0.600000 0.053187 -1.499544
 0.603000 0.048775 -1.385213
 0.606000 0.044699 -1.278570
 0.609000 0.040935 -1.179142
 0.612000 0.037465 -1.086657
 0.615000 0.034266 -1.000607
 0.618000 0.031319 -0.920605
 0.621000 0.028608 -0.846437
 0.624000 0.026116 -0.777643
 0.627000 0.023824 -0.713867
 0.630000 0.021720 -0.654810
 0.633000 0.019790 -0.600248
 0.636000 0.018021 -0.549890
 0.639000 0.016399 -0.503389
 0.642000 0.014915 -0.460494
 0.645000 0.013556 -0.420981
 0.648000 0.012313 -0.384574
 0.651000 0.011178 -0.351116
 0.654000 0.010141 -0.320372
 0.657000 0.009195 -0.292120
 0.660000 0.008332 -0.266196
 0.663000 0.007544 -0.242397
 0.666000 0.006827 -0.220616
 0.669000 0.006175 -0.200706
 0.672000 0.005581 -0.182452
 0.675000 0.005041 -0.165793
 0.678000 0.004550 -0.150541
 0.681000 0.004104 -0.136623
 0.684000 0.003699 -0.123924
 0.687000 0.003332 -0.112331
 0.690000 0.002999 -0.101764
 0.693000 0.002697 -0.092116
 0.696000 0.002423 -0.083347
 0.699000 0.002176 -0.075367
 0.702000 0.001952 -0.068106
 0.705000 0.001749 -0.061488
 0.708000 0.001567 -0.055483
 0.711000 0.001402 -0.050023
 0.714000 0.001253 -0.045085
 0.717000 0.001119 -0.040588
 0.720000 0.000998 -0.036526
 0.723000 0.000890 -0.032844
 0.726000 0.000792 -0.029510
 0.729000 0.000704 -0.026485
 0.732000 0.000626 -0.023757
 0.735000 0.000555 -0.021278
 0.738000 0.000492 -0.019038
 0.741000 0.000435 -0.017013
 0.744000 0.000384 -0.015188
 0.747000 0.000339 -0.013541
 0.750000 0.000299 -0.012055
 0.753000 0.000263 -0.010715
 0.756000 0.000231 -0.009510
 0.759000 0.000203 -0.008429
 0.762000 0.000177 -0.007465
 0.765000 0.000155 -0.006601
 0.768000 0.000136 -0.005826
 0.771000 0.000118 -0.005124
 0.774000 0.000103 -0.004506
 0.777000 0.000089 -0.003954
 0.780000 0.000077 -0.003465
 0.783000 0.000067 -0.003030
 0.786000 0.000058 -0.002647
 0.789000 0.000050 -0.002307
 0.792000 0.000043 -0.002004
 0.795000 0.000037 -0.001739
 0.798000 0.000032 -0.001505
 0.801000 0.000027 -0.001299
 0.804000 0.000023 -0.001122
 0.807000 0.000020 -0.000965
 0.810000 0.000017 -0.000830
 0.813000 0.000014 -0.000711
 0.816000 0.000012 -0.000608
 0.819000 0.000010 -0.000518
 0.822000 0.000009 -0.000441
 0.825000 0.000007 -0.000373
 0.828000 0.000006 -0.000318
 0.831000 0.000005 -0.000266
 0.834000 0.000004 -0.000224
 0.837000 0.000004 -0.000188
 0.840000 0.000003 -0.000156
 0.843000 0.000002 -0.000130
 0.846000 0.000002 -0.000108
 0.849000 0.000002 -0.000089
 0.852000 0.000001 -0.000074
 0.855000 0.000001 -0.000060
 0.858000 0.000001 -0.000049
 0.861000 0.000001 -0.000039
 0.864000 0.000001 -0.000032
 0.867000 0.000001 -0.000027
 0.870000 0.000000 -0.000022
 0.873000 0.000000 -0.000018
 0.876000 0.000000 -0.000015
 0.879000 0.000000 -0.000012
 0.882000 0.000000 -0.000010
 0.885000 0.000000 -0.000008
 0.888000 0.000000 -0.000006
 0.891000 0.000000 -0.000006
 0.894000 0.000000 -0.000005
 0.897000 0.000000 -0.000004
 0.900000 0.000000 -0.000003
 0.903000 0.000000 -0.000003
 0.906000 0.000000 -0.000002
 0.909000 0.000000 -0.000002
 0.912000 0.000000 -0.000001
 0.915000 0.000000 -0.000001
 0.918000 0.000000 -0.000001
 0.921000 0.000000 -0.000001
 0.924000 0.000000 -0.000001
 0.927000 0.000000 -0.000001
 0.930000 0.000000 -0.000000
 0.933000 0.000000 -0.000000
 0.936000 0.000000 0.000000
 0.939000 0.000000 0.000000
 0.942000 0.000000 0.000000
 0.945000 0.000000 0.000000
 0.948000 0.000000 0.000000
 0.951000 0.000000 0.000000
 0.954000 0.000000 0.000000
 0.957000 0.000000 0.000000
 0.960000 0.000000 0.000000
 0.963000 0.000000 0.000000
 0.966000 0.000000 0.000000
 0.969000 0.000000 0.000000
 0.972000 0.000000 0.000000
 0.975000 0.000000 0.000000
 0.978000 0.000000 0.000000
 0.981000 0.000000 0.000000
 0.984000 0.000000 0.000000
 0.987000 0.000000 0.000000
 0.990000 0.000000 0.000000
 0.993000 0.000000 0.000000
 0.996000 0.000000 0.000000
 0.999000 0.000000 0.000000
 1.002000 0.000000 0.000000
 1.005000 0.000000 0.000000
 1.008000 0.000000 0.000000
 1.011000 0.000000 0.000000
 1.014000 0.000000 0.000000
 1.017000 0.000000 0.000000
 1.020000 0.000000 0.000000
 1.023000 0.000000 0.000000
 1.026000 0.000000 0.000000
 1.029000 0.000000 0.000000
 1.032000 0.000000 0.000000
 1.035000 0.000000 0.000000
 1.038000 0.000000 0.000000
 1.041000 0.000000 0.000000
 1.044000 0.000000 0.000000
 1.047000 0.000000 0.000000
 1.050000 0.000000 0.000000
 1.053000 0.000000 0.000000
 1.056000 0.000000 0.000000
 1.059000 0.000000 0.000000
 1.062000 0.000000 0.000000
 1.065000 0.000000 0.000000
 1.068000 0.000000 0.000000
 1.071000 0.000000 0.000000
 1.074000 0.000000 0.000000
 1.077000 0.000000 0.000000
 1.080000 0.000000 0.000000
 1.083000 0.000000 0.000000
 1.086000 0.000000 0.000000
 1.089000 0.000000 0.000000
 1.092000 0.000000 0.000000
 1.095000 0.000000 0.000000
 1.098000 0.000000 0.000000
 1.101000 0.000000 0.000000
 1.104000 0.000000 0.000000
 1.107000 0.000000 0.000000
 1.110000 0.000000 0.000000
 1.113000 0.000000 0.000000
 1.116000 0.000000 0.000000
 1.119000 0.000000 0.000000
 1.122000 0.000000 0.000000
 1.125000 0.000000 0.000000
 1.128000 0.000000 0.000000
 1.131000 0.000000 0.000000
 1.134000 0.000000 0.000000
 1.137000 0.000000 0.000000
 1.140000 0.000000 0.000000
 1.143000 0.000000 0.000000
 1.146000 0.000000 0.000000
 1.149000 0.000000 0.000000
 1.152000 0.000000 0.000000
 1.155000 0.000000 0.000000
 1.158000 0.000000 0.000000
 1.161000 0.000000 0.000000
 1.164000 0.000000 0.000000
 1.167000 0.000000 0.000000
 1.170000 0.000000 0.000000
 1.173000 0.000000 0.000000
 1.176000 0.000000 0.000000
 1.179000 0.000000 0.000000
 1.182000 0.000000 0.000000
 1.185000 0.000000 0.000000
 1.188000 0.000000 0.000000
 1.191000 0.000000 0.000000
 1.194000 0.000000 0.000000
 1.197000 0.000000 0.000000
 1.200000 0.000000 0.000000
 1.203000 0.000000 0.000000
 1.206000 0.000000 0.000000
 1.209000 0.000000 0.000000
 1.212000 0.000000 0.000000
 1.215000 0.000000 0.000000
 1.218000 0.000000 0.000000
 1.221000 0.000000 0.000000
 1.224000 0.000000 0.000000
 1.227000 0.000000 0.000000
 1.230000 0.000000 0.000000
 1.233000 0.000000 0.000000
 1.236000 0.000000 0.000000
 1.239000 0.000000 0.000000
 1.242000 0.000000 0.000000
 1.245000 0.000000 0.000000
 1.248000 0.000000 0.000000
 1.251000 0.000000 0.000000
 1.254000 0.000000 0.000000
 1.257000 0.000000 0.000000
 1.260000 0.000000 0.000000
 1.263000 0.000000 0.000000
 1.266000 0.000000 0.000000
 1.269000 0.000000 0.000000
 1.272000 0.000000 0.000000
 1.275000 0.000000 0.000000
 1.278000 0.000000 0.000000
 1.281000 0.000000 0.000000
 1.284000 0.000000 0.000000
 1.287000 0.000000 0.000000
 1.290000 0.000000 0.000000
 1.293000 0.000000 0.000000
 1.296000 0.000000 0.000000
 1.299000 0.000000 0.000000
 1.302000 0.000000 0.000000
 1.305000 0.000000 0.000000
 1.308000 0.000000 0.000000
 1.311000 0.000000 0.000000
 1.314000 0.000000 0.000000
 1.317000 0.000000 0.000000
 1.320000 0.000000 0.000000
 1.323000 0.000000 0.000000
 1.326000 0.000000 0.000000
 1.329000 0.000000 0.000000
 1.332000 0.000000 0.000000
 1.335000 0.000000 0.000000
 1.338000 0.000000 0.000000
 1.341000 0.000000 0.000000
 1.344000 0.000000 0.000000
 1.347000 0.000000 0.000000
 1.350000 0.000000 0.000000
 1.353000 0.000000 0.000000
 1.356000 0.000000 0.000000
 1.359000 0.000000 0.000000
 1.362000 0.000000 0.000000
 1.365000 0.000000 0.000000
 1.368000 0.000000 0.000000
 1.371000 0.000000 0.000000
 1.374000 0.000000 0.000000
 1.377000 0.000000 0.000000
 1.380000 0.000000 0.000000
 1.383000 0.000000 0.000000
 1.386000 0.000000 0.000000
 1.389000 0.000000 0.000000
 1.392000 0.000000 0.000000
 1.395000 0.000000 0.000000
 1.398000 0.000000 0.000000
 1.401000 0.000000 0.000000
 1.404000 0.000000 0.000000
 1.407000 0.000000 0.000000
 1.410000 0.000000 0.000000
 1.413000 0.000000 0.000000
 1.416000 0.000000 0.000000
 1.419000 0.000000 0.000000
 1.422000 0.000000 0.000000
 1.425000 0.000000 0.000000
 1.428000 0.000000 0.000000
 1.431000 0.000000 0.000000
 1.434000 0.000000 0.000000
 1.437000 0.000000 0.000000
 1.440000 0.000000 0.000000
 1.443000 0.000000 0.000000
 1.446000 0.000000 0.000000
 1.449000 0.000000 0.000000
 1.452000 0.000000 0.000000
 1.455000 0.000000 0.000000
 1.458000 0.000000 0.000000
 1.461000 0.000000 0.000000
 1.464000 0.000000 0.000000
 1.467000 0.000000 0.000000
 1.470000 0.000000 0.000000
 1.473000 0.000000 0.000000
 1.476000 0.000000 0.000000
 1.479000 0.000000 0.000000
 1.482000 0.000000 0.000000
 1.485000 0.000000 0.000000
 1.488000 0.000000 0.000000
 1.491000 0.000000 0.000000
 1.494000 0.000000 0.000000
 1.497000 0.000000 0.000000
 1.500000 0.000000 0.000000
