#! FIELDS refcv.morethan b1.fes
#! SET min_refcv.morethan 0.0
#! SET max_refcv.morethan 250.0
#! SET nbins_refcv.morethan  301
#! SET periodic_refcv.morethan false
    0.000000000   87.688107873
    0.833333333   82.824444118
    1.666666667   78.618117052
    2.500000000   75.010445535
    3.333333333   71.946791180
    4.166666667   69.376339664
    5.000000000   67.251891208
    5.833333333   65.529659941
    6.666666667   64.169081858
    7.500000000   63.132631101
    8.333333333   62.385644285
    9.166666667   61.896152624
   10.000000000   61.634721572
   10.833333333   61.574297751
   11.666666667   61.690062911
   12.500000000   61.959294678
   13.333333333   62.361233862
   14.166666667   62.876958100
   15.000000000   63.489261599
   15.833333333   64.182540773
   16.666666667   64.942685558
   17.500000000   65.756976198
   18.333333333   66.613985299
   19.166666667   67.503484962
   20.000000000   68.416358793
   20.833333333   69.344518617
   21.666666667   70.280825700
   22.500000000   71.219016317
   23.333333333   72.153631484
   24.166666667   73.079950694
   25.000000000   73.993929486
   25.833333333   74.892140706
   26.666666667   75.771719281
   27.500000000   76.630310386
   28.333333333   77.466020833
   29.166666667   78.277373561
   30.000000000   79.063265082
   30.833333333   79.822925750
   31.666666667   80.555882723
   32.500000000   81.261925508
   33.333333333   81.941073946
   34.166666667   82.593548538
   35.000000000   83.219742991
   35.833333333   83.820198873
   36.666666667   84.395582285
   37.500000000   84.946662418
   38.333333333   85.474291934
   39.166666667   85.979389047
   40.000000000   86.462921214
   40.833333333   86.925890367
   41.666666667   87.369319579
   42.500000000   87.794241085
   43.333333333   88.201685587
   44.166666667   88.592672759
   45.000000000   88.968202878
   45.833333333   89.329249509
   46.666666667   89.676753180
   47.500000000   90.011615977
   48.333333333   90.334696998
   49.166666667   90.646808603
   50.000000000   90.948713402
   50.833333333   91.241121931
   51.666666667   91.524690950
   52.500000000   91.800022329
   53.333333333   92.067662462
   54.166666667   92.328102155
   55.000000000   92.581776972
   55.833333333   92.829067960
   56.666666667   93.070302741
   57.500000000   93.305756925
   58.333333333   93.535655796
   59.166666667   93.760176255
   60.000000000   93.979448976
   60.833333333   94.193560746
   61.666666667   94.402556963
   62.500000000   94.606444263
   63.333333333   94.805193246
   64.166666667   94.998741288
   65.000000000   95.186995407
   65.833333333   95.369835158
   66.666666667   95.547115557
   67.500000000   95.718669990
   68.333333333   95.884313111
   69.166666667   96.043843703
   70.000000000   96.197047487
   70.833333333   96.343699876
   71.666666667   96.483568647
   72.500000000   96.616416533
   73.333333333   96.742003722
   74.166666667   96.860090245
   75.000000000   96.970438263
   75.833333333   97.072814232
   76.666666667   97.166990941
   77.500000000   97.252749429
   78.333333333   97.329880763
   79.166666667   97.398187689
   80.000000000   97.457486131
   80.833333333   97.507606567
   81.666666667   97.548395251
   82.500000000   97.579715300
   83.333333333   97.601447639
   84.166666667   97.613491803
   85.000000000   97.615766607
   85.833333333   97.608210669
   86.666666667   97.590782807
   87.500000000   97.563462300
   88.333333333   97.526249023
   89.166666667   97.479163453
   90.000000000   97.422246557
   90.833333333   97.355559568
   91.666666667   97.279183639
   92.500000000   97.193219398
   93.333333333   97.097786401
   94.166666667   96.993022485
   95.000000000   96.879083033
   95.833333333   96.756140158
   96.666666667   96.624381799
   97.500000000   96.484010754
   98.333333333   96.335243644
   99.166666667   96.178309813
  100.000000000   96.013450180
  100.833333333   95.840916041
  101.666666667   95.660967831
  102.500000000   95.473873853
  103.333333333   95.279908974
  104.166666667   95.079353310
  105.000000000   94.872490884
  105.833333333   94.659608283
  106.666666667   94.440993310
  107.500000000   94.216933639
  108.333333333   93.987715482
  109.166666667   93.753622265
  110.000000000   93.514933330
  110.833333333   93.271922666
  111.666666667   93.024857661
  112.500000000   92.773997900
  113.333333333   92.519594005
  114.166666667   92.261886509
  115.000000000   92.001104799
  115.833333333   91.737466096
  116.666666667   91.471174509
  117.500000000   91.202420139
  118.333333333   90.931378257
  119.166666667   90.658208548
  120.000000000   90.383054429
  120.833333333   90.106042439
  121.666666667   89.827281708
  122.500000000   89.546863502
  123.333333333   89.264860858
  124.166666667   88.981328285
  125.000000000   88.696301567
  125.833333333   88.409797636
  126.666666667   88.121814534
  127.500000000   87.832331466
  128.333333333   87.541308926
  129.166666667   87.248688919
  130.000000000   86.954395261
  130.833333333   86.658333961
  131.666666667   86.360393684
  132.500000000   86.060446301
  133.333333333   85.758347506
  134.166666667   85.453937518
  135.000000000   85.147041847
  135.833333333   84.837472140
  136.666666667   84.525027087
  137.500000000   84.209493392
  138.333333333   83.890646807
  139.166666667   83.568253220
  140.000000000   83.242069794
  140.833333333   82.911846158
  141.666666667   82.577325636
  142.500000000   82.238246519
  143.333333333   81.894343364
  144.166666667   81.545348331
  145.000000000   81.190992533
  145.833333333   80.831007407
  146.666666667   80.465126096
  147.500000000   80.093084838
  148.333333333   79.714624352
  149.166666667   79.329491215
  150.000000000   78.937439237
  150.833333333   78.538230797
  151.666666667   78.131638177
  152.500000000   77.717444843
  153.333333333   77.295446697
  154.166666667   76.865453289
  155.000000000   76.427288963
  155.833333333   75.980793960
  156.666666667   75.525825444
  157.500000000   75.062258469
  158.333333333   74.589986857
  159.166666667   74.108924003
  160.000000000   73.619003588
  160.833333333   73.120180190
  161.666666667   72.612429810
  162.500000000   72.095750275
  163.333333333   71.570161544
  164.166666667   71.035705887
  165.000000000   70.492447956
  165.833333333   69.940474720
  166.666666667   69.379895277
  167.500000000   68.810840536
  168.333333333   68.233462758
  169.166666667   67.647934965
  170.000000000   67.054450208
  170.833333333   66.453220692
  171.666666667   65.844476758
  172.500000000   65.228465726
  173.333333333   64.605450589
  174.166666667   63.975708571
  175.000000000   63.339529542
  175.833333333   62.697214290
  176.666666667   62.049072664
  177.500000000   61.395421581
  178.333333333   60.736582904
  179.166666667   60.072881202
  180.000000000   59.404641391
  180.833333333   58.732186266
  181.666666667   58.055833932
  182.500000000   57.375895147
  183.333333333   56.692670575
  184.166666667   56.006447982
  185.000000000   55.317499365
  185.833333333   54.626078034
  186.666666667   53.932415681
  187.500000000   53.236719417
  188.333333333   52.539168829
  189.166666667   51.839913054
  190.000000000   51.139067896
  190.833333333   50.436713013
  191.666666667   49.732889192
  192.500000000   49.027595737
  193.333333333   48.320788000
  194.166666667   47.612375077
  195.000000000   46.902217709
  195.833333333   46.190126405
  196.666666667   45.475859837
  197.500000000   44.759123529
  198.333333333   44.039568883
  199.166666667   43.316792584
  200.000000000   42.590336418
  200.833333333   41.859687549
  201.666666667   41.124279309
  202.500000000   40.383492529
  203.333333333   39.636657488
  204.166666667   38.883056503
  205.000000000   38.121927240
  205.833333333   37.352466785
  206.666666667   36.573836543
  207.500000000   35.785168026
  208.333333333   34.985569598
  209.166666667   34.174134229
  210.000000000   33.349948354
  210.833333333   32.512101881
  211.666666667   31.659699452
  212.500000000   30.791873004
  213.333333333   29.907795749
  214.166666667   29.006697621
  215.000000000   28.087882299
  215.833333333   27.150745902
  216.666666667   26.194797423
  217.500000000   25.219681029
  218.333333333   24.225200316
  219.166666667   23.211344611
  220.000000000   22.178317458
  220.833333333   21.126567365
  221.666666667   20.056820957
  222.500000000   18.970118633
  223.333333333   17.867852861
  224.166666667   16.751809235
  225.000000000   15.624210419
  225.833333333   14.487763119
  226.666666667   13.345708224
  227.500000000   12.201874243
  228.333333333   11.060734207
  229.166666667    9.927466173
  230.000000000    8.808017481
  230.833333333    7.709172946
  231.666666667    6.638627125
  232.500000000    5.605060842
  233.333333333    4.618222144
  234.166666667    3.689011864
  235.000000000    2.829573974
  235.833333333    2.053390920
  236.666666667    1.375384135
  237.500000000    0.812019916
  238.333333333    0.381420887
  239.166666667    0.103483243
  240.000000000    0.000000000
  240.833333333    0.094790460
  241.666666667    0.413836129
  242.500000000    0.985423311
  243.333333333    1.840292620
  244.166666667    3.011795647
  245.000000000    4.536059033
  245.833333333    6.452156215
  246.666666667    8.802287082
  247.500000000   11.631965827
  248.333333333   14.990217263
  249.166666667   18.929781882
  250.000000000   23.507329941
