#! FIELDS refcv.morethan b1.fes
#! SET min_refcv.morethan 0.0
#! SET max_refcv.morethan 250.0
#! SET nbins_refcv.morethan  301
#! SET periodic_refcv.morethan false
    0.000000000   75.550008151
    0.833333333   71.049118510
    1.666666667   67.168530009
    2.500000000   63.852826937
    3.333333333   61.050410897
    4.166666667   58.713294180
    5.000000000   56.796901818
    5.833333333   55.259882036
    6.666666667   54.063924832
    7.500000000   53.173588439
    8.333333333   52.556133386
    9.166666667   52.181363939
   10.000000000   52.021476657
   10.833333333   52.050915825
   11.666666667   52.246235547
   12.500000000   52.585968257
   13.333333333   53.050499428
   14.166666667   53.621948271
   15.000000000   54.284054208
   15.833333333   55.022068904
   16.666666667   55.822653678
   17.500000000   56.673782079
   18.333333333   57.564647445
   19.166666667   58.485575253
   20.000000000   59.427940093
   20.833333333   60.384087069
   21.666666667   61.347257475
   22.500000000   62.311518566
   23.333333333   63.271697271
   24.166666667   64.223317680
   25.000000000   65.162542160
   25.833333333   66.086115947
   26.666666667   66.991315071
   27.500000000   67.875897469
   28.333333333   68.738057150
   29.166666667   69.576381284
   30.000000000   70.389810085
   30.833333333   71.177599350
   31.666666667   71.939285555
   32.500000000   72.674653369
   33.333333333   73.383705490
   34.166666667   74.066634671
   35.000000000   74.723797859
   35.833333333   75.355692310
   36.666666667   75.962933605
   37.500000000   76.546235459
   38.333333333   77.106391235
   39.166666667   77.644257058
   40.000000000   78.160736470
   40.833333333   78.656766507
   41.666666667   79.133305148
   42.500000000   79.591320032
   43.333333333   80.031778391
   44.166666667   80.455638101
   45.000000000   80.863839807
   45.833333333   81.257300034
   46.666666667   81.636905228
   47.500000000   82.003506666
   48.333333333   82.357916172
   49.166666667   82.700902585
   50.000000000   83.033188915
   50.833333333   83.355450151
   51.666666667   83.668311654
   52.500000000   83.972348097
   53.333333333   84.268082901
   54.166666667   84.555988130
   55.000000000   84.836484789
   55.833333333   85.109943506
   56.666666667   85.376685538
   57.500000000   85.636984085
   58.333333333   85.891065860
   59.166666667   86.139112899
   60.000000000   86.381264567
   60.833333333   86.617619738
   61.666666667   86.848239125
   62.500000000   87.073147720
   63.333333333   87.292337342
   64.166666667   87.505769248
   65.000000000   87.713376799
   65.833333333   87.915068159
   66.666666667   88.110729012
   67.500000000   88.300225262
   68.333333333   88.483405730
   69.166666667   88.660104807
   70.000000000   88.830145062
   70.833333333   88.993339792
   71.666666667   89.149495500
   72.500000000   89.298414296
   73.333333333   89.439896197
   74.166666667   89.573741347
   75.000000000   89.699752117
   75.833333333   89.817735097
   76.666666667   89.927502980
   77.500000000   90.028876312
   78.333333333   90.121685130
   79.166666667   90.205770461
   80.000000000   90.280985696
   80.833333333   90.347197838
   81.666666667   90.404288604
   82.500000000   90.452155408
   83.333333333   90.490712204
   84.166666667   90.519890199
   85.000000000   90.539638434
   85.833333333   90.549924243
   86.666666667   90.550733576
   87.500000000   90.542071209
   88.333333333   90.523960826
   89.166666667   90.496444988
   90.000000000   90.459584990
   90.833333333   90.413460610
   91.666666667   90.358169747
   92.500000000   90.293827970
   93.333333333   90.220567968
   94.166666667   90.138538908
   95.000000000   90.047905716
   95.833333333   89.948848272
   96.666666667   89.841560543
   97.500000000   89.726249639
   98.333333333   89.603134814
   99.166666667   89.472446412
  100.000000000   89.334424765
  100.833333333   89.189319046
  101.666666667   89.037386087
  102.500000000   88.878889168
  103.333333333   88.714096782
  104.166666667   88.543281377
  105.000000000   88.366718092
  105.833333333   88.184683487
  106.666666667   87.997454266
  107.500000000   87.805306008
  108.333333333   87.608511917
  109.166666667   87.407341574
  110.000000000   87.202059724
  110.833333333   86.992925080
  111.666666667   86.780189165
  112.500000000   86.564095187
  113.333333333   86.344876957
  114.166666667   86.122757852
  115.000000000   85.897949826
  115.833333333   85.670652480
  116.666666667   85.441052182
  117.500000000   85.209321250
  118.333333333   84.975617206
  119.166666667   84.740082084
  120.000000000   84.502841820
  120.833333333   84.264005706
  121.666666667   84.023665921
  122.500000000   83.781897139
  123.333333333   83.538756210
  124.166666667   83.294281928
  125.000000000   83.048494870
  125.833333333   82.801397319
  126.666666667   82.552973272
  127.500000000   82.303188520
  128.333333333   82.051990820
  129.166666667   81.799310137
  130.000000000   81.545058970
  130.833333333   81.289132761
  131.666666667   81.031410371
  132.500000000   80.771754640
  133.333333333   80.510013019
  134.166666667   80.246018268
  135.000000000   79.979589231
  135.833333333   79.710531671
  136.666666667   79.438639171
  137.500000000   79.163694092
  138.333333333   78.885468593
  139.166666667   78.603725695
  140.000000000   78.318220402
  140.833333333   78.028700861
  141.666666667   77.734909563
  142.500000000   77.436584581
  143.333333333   77.133460834
  144.166666667   76.825271381
  145.000000000   76.511748730
  145.833333333   76.192626171
  146.666666667   75.867639103
  147.500000000   75.536526379
  148.333333333   75.199031640
  149.166666667   74.854904643
  150.000000000   74.503902579
  150.833333333   74.145791360
  151.666666667   73.780346892
  152.500000000   73.407356306
  153.333333333   73.026619157
  154.166666667   72.637948570
  155.000000000   72.241172346
  155.833333333   71.836133999
  156.666666667   71.422693738
  157.500000000   71.000729376
  158.333333333   70.570137164
  159.166666667   70.130832542
  160.000000000   69.682750812
  160.833333333   69.225847704
  161.666666667   68.760099859
  162.500000000   68.285505200
  163.333333333   67.802083198
  164.166666667   67.309875030
  165.000000000   66.808943614
  165.833333333   66.299373527
  166.666666667   65.781270802
  167.500000000   65.254762590
  168.333333333   64.719996701
  169.166666667   64.177141005
  170.000000000   63.626382703
  170.833333333   63.067927461
  171.666666667   62.501998407
  172.500000000   61.928834989
  173.333333333   61.348691699
  174.166666667   60.761836658
  175.000000000   60.168550070
  175.833333333   59.569122536
  176.666666667   58.963853248
  177.500000000   58.353048050
  178.333333333   57.737017377
  179.166666667   57.116074081
  180.000000000   56.490531147
  180.833333333   55.860699302
  181.666666667   55.226884531
  182.500000000   54.589385505
  183.333333333   53.948490937
  184.166666667   53.304476866
  185.000000000   52.657603893
  185.833333333   52.008114374
  186.666666667   51.356229592
  187.500000000   50.702146910
  188.333333333   50.046036944
  189.166666667   49.388040751
  190.000000000   48.728267066
  190.833333333   48.066789606
  191.666666667   47.403644463
  192.500000000   46.738827605
  193.333333333   46.072292525
  194.166666667   45.403948045
  195.000000000   44.733656320
  195.833333333   44.061231066
  196.666666667   43.386436044
  197.500000000   42.708983837
  198.333333333   42.028534951
  199.166666667   41.344697283
  200.000000000   40.657025993
  200.833333333   39.965023818
  201.666666667   39.268141883
  202.500000000   38.565781043
  203.333333333   37.857293805
  204.166666667   37.141986892
  205.000000000   36.419124488
  205.833333333   35.687932222
  206.666666667   34.947601956
  207.500000000   34.197297428
  208.333333333   33.436160808
  209.166666667   32.663320254
  210.000000000   31.877898501
  210.833333333   31.079022588
  211.666666667   30.265834766
  212.500000000   29.437504687
  213.333333333   28.593242931
  214.166666667   27.732315971
  215.000000000   26.854062641
  215.833333333   25.957912216
  216.666666667   25.043404174
  217.500000000   24.110209748
  218.333333333   23.158155354
  219.166666667   22.187248005
  220.000000000   21.197702805
  220.833333333   20.189972638
  221.666666667   19.164780158
  222.500000000   18.123152192
  223.333333333   17.066456678
  224.166666667   15.996442258
  225.000000000   14.915280648
  225.833333333   13.825611918
  226.666666667   12.730592812
  227.500000000   11.633948249
  228.333333333   10.540026133
  229.166666667    9.453855639
  230.000000000    8.381209105
  230.833333333    7.328667687
  231.666666667    6.303690944
  232.500000000    5.314690508
  233.333333333    4.371108003
  234.166666667    3.483497392
  235.000000000    2.663611922
  235.833333333    1.924495853
  236.666666667    1.280581148
  237.500000000    0.747789326
  238.333333333    0.343638664
  239.166666667    0.087356950
  240.000000000    0.000000000
  240.833333333    0.104576137
  241.666666667    0.426176863
  242.500000000    0.992113933
  243.333333333    1.832063062
  244.166666667    2.978214504
  245.000000000    4.465430728
  245.833333333    6.331411450
  246.666666667    8.616866258
  247.500000000   11.365695092
  248.333333333   14.625176839
  249.166666667   18.446166316
  250.000000000   22.883299898
