#! FIELDS refcv.morethan targetdist
#! SET min_refcv.morethan 0.0
#! SET max_refcv.morethan 250.0
#! SET nbins_refcv.morethan  301
#! SET periodic_refcv.morethan false
    0.000000000    0.004000000
    0.833333333    0.004000000
    1.666666667    0.004000000
    2.500000000    0.004000000
    3.333333333    0.004000000
    4.166666667    0.004000000
    5.000000000    0.004000000
    5.833333333    0.004000000
    6.666666667    0.004000000
    7.500000000    0.004000000
    8.333333333    0.004000000
    9.166666667    0.004000000
   10.000000000    0.004000000
   10.833333333    0.004000000
   11.666666667    0.004000000
   12.500000000    0.004000000
   13.333333333    0.004000000
   14.166666667    0.004000000
   15.000000000    0.004000000
   15.833333333    0.004000000
   16.666666667    0.004000000
   17.500000000    0.004000000
   18.333333333    0.004000000
   19.166666667    0.004000000
   20.000000000    0.004000000
   20.833333333    0.004000000
   21.666666667    0.004000000
   22.500000000    0.004000000
   23.333333333    0.004000000
   24.166666667    0.004000000
   25.000000000    0.004000000
   25.833333333    0.004000000
   26.666666667    0.004000000
   27.500000000    0.004000000
   28.333333333    0.004000000
   29.166666667    0.004000000
   30.000000000    0.004000000
   30.833333333    0.004000000
   31.666666667    0.004000000
   32.500000000    0.004000000
   33.333333333    0.004000000
   34.166666667    0.004000000
   35.000000000    0.004000000
   35.833333333    0.004000000
   36.666666667    0.004000000
   37.500000000    0.004000000
   38.333333333    0.004000000
   39.166666667    0.004000000
   40.000000000    0.004000000
   40.833333333    0.004000000
   41.666666667    0.004000000
   42.500000000    0.004000000
   43.333333333    0.004000000
   44.166666667    0.004000000
   45.000000000    0.004000000
   45.833333333    0.004000000
   46.666666667    0.004000000
   47.500000000    0.004000000
   48.333333333    0.004000000
   49.166666667    0.004000000
   50.000000000    0.004000000
   50.833333333    0.004000000
   51.666666667    0.004000000
   52.500000000    0.004000000
   53.333333333    0.004000000
   54.166666667    0.004000000
   55.000000000    0.004000000
   55.833333333    0.004000000
   56.666666667    0.004000000
   57.500000000    0.004000000
   58.333333333    0.004000000
   59.166666667    0.004000000
   60.000000000    0.004000000
   60.833333333    0.004000000
   61.666666667    0.004000000
   62.500000000    0.004000000
   63.333333333    0.004000000
   64.166666667    0.004000000
   65.000000000    0.004000000
   65.833333333    0.004000000
   66.666666667    0.004000000
   67.500000000    0.004000000
   68.333333333    0.004000000
   69.166666667    0.004000000
   70.000000000    0.004000000
   70.833333333    0.004000000
   71.666666667    0.004000000
   72.500000000    0.004000000
   73.333333333    0.004000000
   74.166666667    0.004000000
   75.000000000    0.004000000
   75.833333333    0.004000000
   76.666666667    0.004000000
   77.500000000    0.004000000
   78.333333333    0.004000000
   79.166666667    0.004000000
   80.000000000    0.004000000
   80.833333333    0.004000000
   81.666666667    0.004000000
   82.500000000    0.004000000
   83.333333333    0.004000000
   84.166666667    0.004000000
   85.000000000    0.004000000
   85.833333333    0.004000000
   86.666666667    0.004000000
   87.500000000    0.004000000
   88.333333333    0.004000000
   89.166666667    0.004000000
   90.000000000    0.004000000
   90.833333333    0.004000000
   91.666666667    0.004000000
   92.500000000    0.004000000
   93.333333333    0.004000000
   94.166666667    0.004000000
   95.000000000    0.004000000
   95.833333333    0.004000000
   96.666666667    0.004000000
   97.500000000    0.004000000
   98.333333333    0.004000000
   99.166666667    0.004000000
  100.000000000    0.004000000
  100.833333333    0.004000000
  101.666666667    0.004000000
  102.500000000    0.004000000
  103.333333333    0.004000000
  104.166666667    0.004000000
  105.000000000    0.004000000
  105.833333333    0.004000000
  106.666666667    0.004000000
  107.500000000    0.004000000
  108.333333333    0.004000000
  109.166666667    0.004000000
  110.000000000    0.004000000
  110.833333333    0.004000000
  111.666666667    0.004000000
  112.500000000    0.004000000
  113.333333333    0.004000000
  114.166666667    0.004000000
  115.000000000    0.004000000
  115.833333333    0.004000000
  116.666666667    0.004000000
  117.500000000    0.004000000
  118.333333333    0.004000000
  119.166666667    0.004000000
  120.000000000    0.004000000
  120.833333333    0.004000000
  121.666666667    0.004000000
  122.500000000    0.004000000
  123.333333333    0.004000000
  124.166666667    0.004000000
  125.000000000    0.004000000
  125.833333333    0.004000000
  126.666666667    0.004000000
  127.500000000    0.004000000
  128.333333333    0.004000000
  129.166666667    0.004000000
  130.000000000    0.004000000
  130.833333333    0.004000000
  131.666666667    0.004000000
  132.500000000    0.004000000
  133.333333333    0.004000000
  134.166666667    0.004000000
  135.000000000    0.004000000
  135.833333333    0.004000000
  136.666666667    0.004000000
  137.500000000    0.004000000
  138.333333333    0.004000000
  139.166666667    0.004000000
  140.000000000    0.004000000
  140.833333333    0.004000000
  141.666666667    0.004000000
  142.500000000    0.004000000
  143.333333333    0.004000000
  144.166666667    0.004000000
  145.000000000    0.004000000
  145.833333333    0.004000000
  146.666666667    0.004000000
  147.500000000    0.004000000
  148.333333333    0.004000000
  149.166666667    0.004000000
  150.000000000    0.004000000
  150.833333333    0.004000000
  151.666666667    0.004000000
  152.500000000    0.004000000
  153.333333333    0.004000000
  154.166666667    0.004000000
  155.000000000    0.004000000
  155.833333333    0.004000000
  156.666666667    0.004000000
  157.500000000    0.004000000
  158.333333333    0.004000000
  159.166666667    0.004000000
  160.000000000    0.004000000
  160.833333333    0.004000000
  161.666666667    0.004000000
  162.500000000    0.004000000
  163.333333333    0.004000000
  164.166666667    0.004000000
  165.000000000    0.004000000
  165.833333333    0.004000000
  166.666666667    0.004000000
  167.500000000    0.004000000
  168.333333333    0.004000000
  169.166666667    0.004000000
  170.000000000    0.004000000
  170.833333333    0.004000000
  171.666666667    0.004000000
  172.500000000    0.004000000
  173.333333333    0.004000000
  174.166666667    0.004000000
  175.000000000    0.004000000
  175.833333333    0.004000000
  176.666666667    0.004000000
  177.500000000    0.004000000
  178.333333333    0.004000000
  179.166666667    0.004000000
  180.000000000    0.004000000
  180.833333333    0.004000000
  181.666666667    0.004000000
  182.500000000    0.004000000
  183.333333333    0.004000000
  184.166666667    0.004000000
  185.000000000    0.004000000
  185.833333333    0.004000000
  186.666666667    0.004000000
  187.500000000    0.004000000
  188.333333333    0.004000000
  189.166666667    0.004000000
  190.000000000    0.004000000
  190.833333333    0.004000000
  191.666666667    0.004000000
  192.500000000    0.004000000
  193.333333333    0.004000000
  194.166666667    0.004000000
  195.000000000    0.004000000
  195.833333333    0.004000000
  196.666666667    0.004000000
  197.500000000    0.004000000
  198.333333333    0.004000000
  199.166666667    0.004000000
  200.000000000    0.004000000
  200.833333333    0.004000000
  201.666666667    0.004000000
  202.500000000    0.004000000
  203.333333333    0.004000000
  204.166666667    0.004000000
  205.000000000    0.004000000
  205.833333333    0.004000000
  206.666666667    0.004000000
  207.500000000    0.004000000
  208.333333333    0.004000000
  209.166666667    0.004000000
  210.000000000    0.004000000
  210.833333333    0.004000000
  211.666666667    0.004000000
  212.500000000    0.004000000
  213.333333333    0.004000000
  214.166666667    0.004000000
  215.000000000    0.004000000
  215.833333333    0.004000000
  216.666666667    0.004000000
  217.500000000    0.004000000
  218.333333333    0.004000000
  219.166666667    0.004000000
  220.000000000    0.004000000
  220.833333333    0.004000000
  221.666666667    0.004000000
  222.500000000    0.004000000
  223.333333333    0.004000000
  224.166666667    0.004000000
  225.000000000    0.004000000
  225.833333333    0.004000000
  226.666666667    0.004000000
  227.500000000    0.004000000
  228.333333333    0.004000000
  229.166666667    0.004000000
  230.000000000    0.004000000
  230.833333333    0.004000000
  231.666666667    0.004000000
  232.500000000    0.004000000
  233.333333333    0.004000000
  234.166666667    0.004000000
  235.000000000    0.004000000
  235.833333333    0.004000000
  236.666666667    0.004000000
  237.500000000    0.004000000
  238.333333333    0.004000000
  239.166666667    0.004000000
  240.000000000    0.004000000
  240.833333333    0.004000000
  241.666666667    0.004000000
  242.500000000    0.004000000
  243.333333333    0.004000000
  244.166666667    0.004000000
  245.000000000    0.004000000
  245.833333333    0.004000000
  246.666666667    0.004000000
  247.500000000    0.004000000
  248.333333333    0.004000000
  249.166666667    0.004000000
  250.000000000    0.004000000
