#! FIELDS lambda1 b1.fes
#! SET min_lambda1 -0.5
#! SET max_lambda1 1.5
#! SET nbins_lambda1  301
#! SET periodic_lambda1 false
   -0.500000000  443.550533684
   -0.493333333  511.028130054
   -0.486666667  542.392722380
   -0.480000000  553.266781020
   -0.473333333  553.976792603
   -0.466666667  550.980416140
   -0.460000000  547.980551870
   -0.453333333  546.783347736
   -0.446666667  547.948417306
   -0.440000000  551.271934680
   -0.433333333  556.136678858
   -0.426666667  561.757406510
   -0.420000000  567.345034027
   -0.413333333  572.208912989
   -0.406666667  575.812903417
   -0.400000000  577.797910338
   -0.393333333  577.980983391
   -0.386666667  576.338925528
   -0.380000000  572.982561116
   -0.373333333  568.126327548
   -0.366666667  562.056634937
   -0.360000000  555.101447602
   -0.353333333  547.602745259
   -0.346666667  539.892891511
   -0.340000000  532.275446542
   -0.333333333  525.010586961
   -0.326666667  518.305018936
   -0.320000000  512.306073763
   -0.313333333  507.099543033
   -0.306666667  502.710730883
   -0.300000000  499.108162435
   -0.293333333  496.209381200
   -0.286666667  493.888286179
   -0.280000000  491.983494907
   -0.273333333  490.307266535
   -0.266666667  488.654574572
   -0.260000000  486.811978560
   -0.253333333  484.566004921
   -0.246666667  481.710807060
   -0.240000000  478.054932031
   -0.233333333  473.427074175
   -0.226666667  467.680744500
   -0.220000000  460.697827377
   -0.213333333  452.391033311
   -0.206666667  442.705287860
   -0.200000000  431.618122427
   -0.193333333  419.139152803
   -0.186666667  405.308746353
   -0.180000000  390.195989017
   -0.173333333  373.896069259
   -0.166666667  356.527198290
   -0.160000000  338.227184751
   -0.153333333  319.149778081
   -0.146666667  299.460888547
   -0.140000000  279.334783758
   -0.133333333  258.950351924
   -0.126666667  238.487511574
   -0.120000000  218.123836187
   -0.113333333  198.031450700
   -0.106666667  178.374245265
   -0.100000000  159.305440339
   -0.093333333  140.965526333
   -0.086666667  123.480590790
   -0.080000000  106.961036631
   -0.073333333   91.500686442
   -0.066666667   77.176260147
   -0.060000000   64.047206848
   -0.053333333   52.155866046
   -0.046666667   41.527928944
   -0.040000000   32.173167052
   -0.033333333   24.086392786
   -0.026666667   17.248615206
   -0.020000000   11.628353304
   -0.013333333    7.183069371
   -0.006666667    3.860685773
    0.000000000    1.601149914
    0.006666667    0.338014168
    0.013333333    0.000000000
    0.020000000    0.512518341
    0.026666667    1.799121369
    0.033333333    3.782864183
    0.040000000    6.387558275
    0.046666667    9.538902208
    0.053333333   13.165478359
    0.060000000   17.199608000
    0.066666667   21.578060243
    0.073333333   26.242613438
    0.080000000   31.140470521
    0.086666667   36.224532358
    0.093333333   41.453535529
    0.100000000   46.792062969
    0.106666667   52.210437673
    0.113333333   57.684511017
    0.120000000   63.195358400
    0.126666667   68.728895662
    0.133333333   74.275430217
    0.140000000   79.829161054
    0.146666667   85.387641657
    0.153333333   90.951219593
    0.160000000   96.522465951
    0.166666667  102.105607063
    0.173333333  107.705970024
    0.180000000  113.329452443
    0.186666667  118.982025679
    0.193333333  124.669279520
    0.200000000  130.396014957
    0.206666667  136.165890279
    0.213333333  141.981124388
    0.220000000  147.842259828
    0.226666667  153.747986707
    0.233333333  159.695027432
    0.240000000  165.678080958
    0.246666667  171.689824198
    0.253333333  177.720967204
    0.260000000  183.760357899
    0.266666667  189.795131363
    0.273333333  195.810898089
    0.280000000  201.791965137
    0.286666667  207.721583781
    0.293333333  213.582217038
    0.300000000  219.355820416
    0.306666667  225.024129253
    0.313333333  230.568946224
    0.320000000  235.972422874
    0.326666667  241.217329419
    0.333333333  246.287307570
    0.340000000  251.167101661
    0.346666667  255.842764016
    0.353333333  260.301831146
    0.360000000  264.533468096
    0.366666667  268.528578997
    0.373333333  272.279882604
    0.380000000  275.781952361
    0.386666667  279.031221263
    0.393333333  282.025952439
    0.400000000  284.766177089
    0.406666667  287.253601947
    0.413333333  289.491489039
    0.420000000  291.484510925
    0.426666667  293.238585052
    0.433333333  294.760691131
    0.440000000  296.058675696
    0.446666667  297.141048159
    0.453333333  298.016772716
    0.460000000  298.695060438
    0.466666667  299.185165802
    0.473333333  299.496191677
    0.480000000  299.636906569
    0.486666667  299.615577569
    0.493333333  299.439822056
    0.500000000  299.116480792
    0.506666667  298.651514508
    0.513333333  298.049925611
    0.520000000  297.315706041
    0.526666667  296.451811800
    0.533333333  295.460164052
    0.540000000  294.341676191
    0.546666667  293.096305684
    0.553333333  291.723129026
    0.560000000  290.220437639
    0.566666667  288.585852134
    0.573333333  286.816451972
    0.580000000  284.908917259
    0.586666667  282.859679158
    0.593333333  280.665075229
    0.600000000  278.321505916
    0.606666667  275.825588398
    0.613333333  273.174304055
    0.620000000  270.365135988
    0.626666667  267.396193214
    0.633333333  264.266318486
    0.640000000  260.975177054
    0.646666667  257.523324090
    0.653333333  253.912249029
    0.660000000  250.144395595
    0.666666667  246.223156860
    0.673333333  242.152845300
    0.680000000  237.938638437
    0.686666667  233.586501272
    0.693333333  229.103087352
    0.700000000  224.495620918
    0.706666667  219.771763130
    0.713333333  214.939465917
    0.720000000  210.006817443
    0.726666667  204.981883604
    0.733333333  199.872550243
    0.740000000  194.686371052
    0.746666667  189.430426211
    0.753333333  184.111196844
    0.760000000  178.734460300
    0.766666667  173.305211019
    0.773333333  167.827611446
    0.780000000  162.304976985
    0.786666667  156.739798436
    0.793333333  151.133804662
    0.800000000  145.488067474
    0.806666667  139.803149805
    0.813333333  134.079297333
    0.820000000  128.316672607
    0.826666667  122.515629715
    0.833333333  116.677026328
    0.840000000  110.802568880
    0.846666667  104.895185428
    0.853333333   98.959419688
    0.860000000   93.001838630
    0.866666667   87.031445045
    0.873333333   81.060085614
    0.880000000   75.102844230
    0.886666667   69.178409736
    0.893333333   63.309406796
    0.900000000   57.522678380
    0.906666667   51.849508333
    0.913333333   46.325772736
    0.920000000   40.992009196
    0.926666667   35.893394014
    0.933333333   31.079618136
    0.940000000   26.604654123
    0.946666667   22.526407920
    0.953333333   18.906251098
    0.960000000   15.808431259
    0.966666667   13.299360737
    0.973333333   11.446786192
    0.980000000   10.318844502
    0.986666667    9.983013204
    0.993333333   10.504966757
    1.000000000   11.947352913
    1.006666667   14.368506539
    1.013333333   17.821121201
    1.020000000   22.350901632
    1.026666667   27.995222875
    1.033333333   34.781824168
    1.040000000   42.727567676
    1.046666667   51.837293660
    1.053333333   62.102804697
    1.060000000   73.502011962
    1.066666667   85.998276297
    1.073333333   99.539975764
    1.080000000  114.060329535
    1.086666667  129.477505237
    1.093333333  145.695033283
    1.100000000  162.602547101
    1.106666667  180.076862708
    1.113333333  197.983404598
    1.120000000  216.177977555
    1.126666667  234.508875800
    1.133333333  252.819311895
    1.140000000  270.950138196
    1.146666667  288.742823532
    1.153333333  306.042637312
    1.160000000  322.701982699
    1.166666667  338.583810094
    1.173333333  353.565032164
    1.180000000  367.539852468
    1.186666667  380.422911613
    1.193333333  392.152148323
    1.200000000  402.691268183
    1.206666667  412.031710560
    1.213333333  420.194004859
    1.220000000  427.228411167
    1.226666667  433.214748114
    1.233333333  438.261322696
    1.240000000  442.502893454
    1.246666667  446.097619987
    1.253333333  449.222978685
    1.260000000  452.070656909
    1.266666667  454.840475643
    1.273333333  457.733433822
    1.280000000  460.944015607
    1.286666667  464.651954312
    1.293333333  469.013702441
    1.300000000  474.153915018
    1.306666667  480.157311271
    1.313333333  487.061335390
    1.320000000  494.850087479
    1.326666667  503.450037219
    1.333333333  512.728060552
    1.340000000  522.492348278
    1.346666667  532.496718093
    1.353333333  542.448810300
    1.360000000  552.022552756
    1.366666667  560.875131425
    1.373333333  568.668486259
    1.380000000  575.095053019
    1.386666667  579.907072577
    1.393333333  582.948270356
    1.400000000  584.186046795
    1.406666667  583.741488983
    1.413333333  581.913484106
    1.420000000  579.191953175
    1.426666667  576.253690583
    1.433333333  573.932448130
    1.440000000  573.152692703
    1.446666667  574.813840421
    1.453333333  579.608665628
    1.460000000  587.755932442
    1.466666667  598.623023636
    1.473333333  610.209361668
    1.480000000  618.455635615
    1.486666667  616.337161252
    1.493333333  592.691993880
    1.500000000  530.725557033
