#! FIELDS lambda1 b1.fes
#! SET min_lambda1 -0.5
#! SET max_lambda1 1.5
#! SET nbins_lambda1  301
#! SET periodic_lambda1 false
   -0.500000000  487.567657566
   -0.493333333  556.683753593
   -0.486666667  587.674278429
   -0.480000000  597.486197896
   -0.473333333  597.177304038
   -0.466666667  593.539098424
   -0.460000000  590.356383011
   -0.453333333  589.370954772
   -0.446666667  591.006282668
   -0.440000000  594.900922645
   -0.433333333  600.290540156
   -0.426666667  606.271617438
   -0.420000000  611.974095775
   -0.413333333  616.665225512
   -0.406666667  619.802664541
   -0.400000000  621.051286272
   -0.393333333  620.275147170
   -0.386666667  617.513547477
   -0.380000000  612.948030311
   -0.373333333  606.865445036
   -0.366666667  599.620798533
   -0.360000000  591.602486391
   -0.353333333  583.201594635
   -0.346666667  574.786255552
   -0.340000000  566.681497200
   -0.333333333  559.154618087
   -0.326666667  552.405822456
   -0.320000000  546.563647228
   -0.313333333  541.684581181
   -0.306666667  537.756205351
   -0.300000000  534.703157973
   -0.293333333  532.395236748
   -0.286666667  530.656986618
   -0.280000000  529.278174988
   -0.273333333  528.024622223
   -0.266666667  526.648928142
   -0.260000000  524.900711035
   -0.253333333  522.536051356
   -0.246666667  519.325905054
   -0.240000000  515.063319805
   -0.233333333  509.569349886
   -0.226666667  502.697621135
   -0.220000000  494.337546061
   -0.213333333  484.416230327
   -0.206666667  472.899145773
   -0.200000000  459.789671970
   -0.193333333  445.127628495
   -0.186666667  428.986934124
   -0.180000000  411.472537587
   -0.173333333  392.716767948
   -0.166666667  372.875251795
   -0.160000000  352.122539862
   -0.153333333  330.647577997
   -0.146666667  308.649147346
   -0.140000000  286.331386593
   -0.133333333  263.899495767
   -0.126666667  241.555706914
   -0.120000000  219.495592337
   -0.113333333  197.904766372
   -0.106666667  176.956022380
   -0.100000000  156.806932776
   -0.093333333  137.597926975
   -0.086666667  119.450850188
   -0.080000000  102.467995137
   -0.073333333   86.731589240
   -0.066666667   72.303711556
   -0.060000000   59.226606871
   -0.053333333   47.523358780
   -0.046666667   37.198879372
   -0.040000000   28.241170192
   -0.033333333   20.622807388
   -0.026666667   14.302603334
   -0.020000000    9.227397400
   -0.013333333    5.333929868
   -0.006666667    2.550755096
    0.000000000    0.800152835
    0.006666667    0.000000000
    0.013333333    0.065568994
    0.020000000    0.911222884
    0.026666667    2.451982129
    0.033333333    4.604942080
    0.040000000    7.290525062
    0.046666667   10.433555340
    0.053333333   13.964149689
    0.060000000   17.818420418
    0.066666667   21.938991657
    0.073333333   26.275333291
    0.080000000   30.783920190
    0.086666667   35.428227222
    0.093333333   40.178573001
    0.100000000   45.011827357
    0.106666667   49.910999091
    0.113333333   54.864721775
    0.120000000   59.866656110
    0.126666667   64.914827705
    0.133333333   70.010919135
    0.140000000   75.159534755
    0.146666667   80.367456050
    0.153333333   85.642904333
    0.160000000   90.994826350
    0.166666667   96.432216916
    0.173333333  101.963491088
    0.180000000  107.595916587
    0.186666667  113.335115378
    0.193333333  119.184641357
    0.200000000  125.145639185
    0.206666667  131.216587379
    0.213333333  137.393126899
    0.220000000  143.667974671
    0.226666667  150.030919807
    0.233333333  156.468898694
    0.240000000  162.966143745
    0.246666667  169.504399330
    0.253333333  176.063197363
    0.260000000  182.620184117
    0.266666667  189.151489199
    0.273333333  195.632127101
    0.280000000  202.036421489
    0.286666667  208.338442292
    0.293333333  214.512445772
    0.300000000  220.533308032
    0.306666667  226.376942865
    0.313333333  232.020695475
    0.320000000  237.443704306
    0.326666667  242.627224120
    0.333333333  247.554904389
    0.340000000  252.213018121
    0.346666667  256.590637359
    0.353333333  260.679752694
    0.360000000  264.475335329
    0.366666667  267.975341354
    0.373333333  271.180659055
    0.380000000  274.095001131
    0.386666667  276.724744775
    0.393333333  279.078723477
    0.400000000  281.167975306
    0.406666667  283.005453187
    0.413333333  284.605703317
    0.420000000  285.984518401
    0.426666667  287.158572784
    0.433333333  288.145046799
    0.440000000  288.961247783
    0.446666667  289.624235200
    0.453333333  290.150457138
    0.460000000  290.555405184
    0.466666667  290.853294270
    0.473333333  291.056773547
    0.480000000  291.176673729
    0.486666667  291.221795617
    0.493333333  291.198743706
    0.500000000  291.111807906
    0.506666667  290.962895491
    0.513333333  290.751514416
    0.520000000  290.474808164
    0.526666667  290.127641323
    0.533333333  289.702734101
    0.540000000  289.190843063
    0.546666667  288.580984491
    0.553333333  287.860695935
    0.560000000  287.016330792
    0.566666667  286.033380074
    0.573333333  284.896814997
    0.580000000  283.591443572
    0.586666667  282.102274070
    0.593333333  280.414878052
    0.600000000  278.515745587
    0.606666667  276.392625388
    0.613333333  274.034842804
    0.620000000  271.433588965
    0.626666667  268.582174867
    0.633333333  265.476244797
    0.640000000  262.113944224
    0.646666667  258.496038118
    0.653333333  254.625976588
    0.660000000  250.509905727
    0.666666667  246.156622635
    0.673333333  241.577474694
    0.680000000  236.786204304
    0.686666667  231.798741454
    0.693333333  226.632947612
    0.700000000  221.308315538
    0.706666667  215.845630648
    0.713333333  210.266600539
    0.720000000  204.593460147
    0.726666667  198.848560772
    0.733333333  193.053951818
    0.740000000  187.230964587
    0.746666667  181.399807752
    0.753333333  175.579184285
    0.760000000  169.785939549
    0.766666667  164.034750038
    0.773333333  158.337861772
    0.780000000  152.704886729
    0.786666667  147.142664865
    0.793333333  141.655198220
    0.800000000  136.243662407
    0.806666667  130.906499403
    0.813333333  125.639594023
    0.820000000  120.436534790
    0.826666667  115.288958166
    0.833333333  110.186973205
    0.840000000  105.119661855
    0.846666667  100.075648135
    0.853333333   95.043727570
    0.860000000   90.013546370
    0.866666667   84.976318089
    0.873333333   79.925563864
    0.880000000   74.857860865
    0.886666667   69.773582328
    0.893333333   64.677611541
    0.900000000   59.580011406
    0.906666667   54.496630811
    0.913333333   49.449628960
    0.920000000   44.467899146
    0.926666667   39.587374135
    0.933333333   34.851196475
    0.940000000   30.309738567
    0.946666667   26.020459345
    0.953333333   22.047586771
    0.960000000   18.461618195
    0.966666667   15.338633817
    0.973333333   12.759422058
    0.980000000   10.808419517
    0.986666667    9.572472374
    0.993333333    9.139430439
    1.000000000    9.596589578
    1.006666667   11.029002820
    1.013333333   13.517685005
    1.020000000   17.137740292
    1.026666667   21.956446028
    1.033333333   28.031330440
    1.040000000   35.408285001
    1.046666667   44.119755268
    1.053333333   54.183056202
    1.060000000   65.598859387
    1.066666667   78.349900136
    1.073333333   92.399951943
    1.080000000  107.693114151
    1.086666667  124.153455919
    1.093333333  141.685055454
    1.100000000  160.172468117
    1.106666667  179.481650198
    1.113333333  199.461357075
    1.120000000  219.945024963
    1.126666667  240.753134742
    1.133333333  261.696044409
    1.140000000  282.577263716
    1.146666667  303.197130720
    1.153333333  323.356835480
    1.160000000  342.862721311
    1.166666667  361.530779097
    1.173333333  379.191235691
    1.180000000  395.693123650
    1.186666667  410.908707117
    1.193333333  424.737627967
    1.200000000  437.110628065
    1.206666667  447.992698150
    1.213333333  457.385502205
    1.220000000  465.328928730
    1.226666667  471.901627922
    1.233333333  477.220406813
    1.240000000  481.438373761
    1.246666667  484.741749658
    1.253333333  487.345296381
    1.260000000  489.486353648
    1.266666667  491.417523622
    1.273333333  493.398098353
    1.280000000  495.684387938
    1.286666667  498.519176515
    1.293333333  502.120607655
    1.300000000  506.670878728
    1.306666667  512.305203151
    1.313333333  519.101577066
    1.320000000  527.071959091
    1.326666667  536.155533653
    1.333333333  546.214773949
    1.340000000  557.035042726
    1.346666667  568.328459007
    1.353333333  579.742706275
    1.360000000  590.875350071
    1.366666667  601.294055987
    1.373333333  610.562835651
    1.380000000  618.274078705
    1.386666667  624.085630179
    1.393333333  627.761518584
    1.400000000  629.214100382
    1.406666667  628.544326470
    1.413333333  626.075516665
    1.420000000  622.374404062
    1.426666667  618.251231846
    1.433333333  614.728293423
    1.440000000  612.963438203
    1.446666667  614.111647384
    1.453333333  619.103735656
    1.460000000  628.316464933
    1.466666667  641.102763640
    1.473333333  655.144216931
    1.480000000  665.580403829
    1.486666667  663.860867441
    1.493333333  636.255359641
    1.500000000  561.946331255
