#! FIELDS lambda1 targetdist
#! SET min_lambda1 -0.5
#! SET max_lambda1 1.5
#! SET nbins_lambda1  301
#! SET periodic_lambda1 false
   -0.500000000    0.098792187
   -0.493333333    0.068900740
   -0.486666667    0.058640634
   -0.480000000    0.055719991
   -0.473333333    0.055786372
   -0.466666667    0.056804121
   -0.460000000    0.057684589
   -0.453333333    0.057904242
   -0.446666667    0.057340329
   -0.440000000    0.056131016
   -0.433333333    0.054541268
   -0.426666667    0.052857550
   -0.420000000    0.051325229
   -0.413333333    0.050124420
   -0.406666667    0.049370583
   -0.400000000    0.049126150
   -0.393333333    0.049413954
   -0.386666667    0.050227959
   -0.380000000    0.051540088
   -0.373333333    0.053303741
   -0.366666667    0.055455331
   -0.360000000    0.057915321
   -0.353333333    0.060590084
   -0.346666667    0.063375487
   -0.340000000    0.066162591
   -0.333333333    0.068845196
   -0.326666667    0.071328385
   -0.320000000    0.073536843
   -0.313333333    0.075421626
   -0.306666667    0.076964327
   -0.300000000    0.078178112
   -0.293333333    0.079105728
   -0.286666667    0.079815125
   -0.280000000    0.080393733
   -0.273333333    0.080942451
   -0.266666667    0.081570328
   -0.260000000    0.082390580
   -0.253333333    0.083518281
   -0.246666667    0.085069775
   -0.240000000    0.087163628
   -0.233333333    0.089922862
   -0.226666667    0.093478130
   -0.220000000    0.097971542
   -0.213333333    0.103560830
   -0.206666667    0.110423607
   -0.200000000    0.118761420
   -0.193333333    0.128803300
   -0.186666667    0.140808407
   -0.180000000    0.155067304
   -0.173333333    0.171901262
   -0.166666667    0.191658918
   -0.160000000    0.214709547
   -0.153333333    0.241432233
   -0.146666667    0.272200348
   -0.140000000    0.307361076
   -0.133333333    0.347210129
   -0.126666667    0.391962489
   -0.120000000    0.441720738
   -0.113333333    0.496443343
   -0.106666667    0.555915951
   -0.100000000    0.619729228
   -0.093333333    0.687266757
   -0.086666667    0.757706100
   -0.080000000    0.830035029
   -0.073333333    0.903083477
   -0.066666667    0.975569927
   -0.060000000    1.046159165
   -0.053333333    1.113526791
   -0.046666667    1.176424901
   -0.040000000    1.233743141
   -0.033333333    1.284559848
   -0.026666667    1.328179252
   -0.020000000    1.364152343
   -0.013333333    1.392280886
   -0.006666667    1.412605798
    0.000000000    1.425382452
    0.006666667    1.431046424
    0.013333333    1.430173510
    0.020000000    1.423437749
    0.026666667    1.411570671
    0.033333333    1.395324285
    0.040000000    1.375439490
    0.046666667    1.352620784
    0.053333333    1.327517510
    0.060000000    1.300711296
    0.066666667    1.272709030
    0.073333333    1.243940496
    0.080000000    1.214759705
    0.086666667    1.185449018
    0.093333333    1.156225210
    0.100000000    1.127246772
    0.106666667    1.098621856
    0.113333333    1.070416433
    0.120000000    1.042662301
    0.126666667    1.015364729
    0.133333333    0.988509543
    0.140000000    0.962069565
    0.146666667    0.936010322
    0.153333333    0.910294988
    0.160000000    0.884888530
    0.166666667    0.859761070
    0.173333333    0.834890442
    0.180000000    0.810263996
    0.186666667    0.785879656
    0.193333333    0.761746309
    0.200000000    0.737883565
    0.206666667    0.714320988
    0.213333333    0.691096877
    0.220000000    0.668256713
    0.226666667    0.645851361
    0.233333333    0.623935157
    0.240000000    0.602563960
    0.246666667    0.581793278
    0.253333333    0.561676535
    0.260000000    0.542263558
    0.266666667    0.523599297
    0.273333333    0.505722840
    0.280000000    0.488666698
    0.286666667    0.472456374
    0.293333333    0.457110176
    0.300000000    0.442639269
    0.306666667    0.429047896
    0.313333333    0.416333761
    0.320000000    0.404488517
    0.326666667    0.393498318
    0.333333333    0.383344425
    0.340000000    0.374003806
    0.346666667    0.365449737
    0.353333333    0.357652368
    0.360000000    0.350579255
    0.366666667    0.344195841
    0.373333333    0.338465900
    0.380000000    0.333351935
    0.386666667    0.328815534
    0.393333333    0.324817704
    0.400000000    0.321319180
    0.406666667    0.318280720
    0.413333333    0.315663399
    0.420000000    0.313428903
    0.426666667    0.311539834
    0.433333333    0.309960026
    0.440000000    0.308654870
    0.446666667    0.307591659
    0.453333333    0.306739932
    0.460000000    0.306071820
    0.466666667    0.305562384
    0.473333333    0.305189937
    0.480000000    0.304936335
    0.486666667    0.304787226
    0.493333333    0.304732249
    0.500000000    0.304765183
    0.506666667    0.304884014
    0.513333333    0.305090949
    0.520000000    0.305392351
    0.526666667    0.305798609
    0.533333333    0.306323940
    0.540000000    0.306986144
    0.546666667    0.307806299
    0.553333333    0.308808433
    0.560000000    0.310019158
    0.566666667    0.311467291
    0.573333333    0.313183473
    0.580000000    0.315199783
    0.586666667    0.317549356
    0.593333333    0.320266021
    0.600000000    0.323383938
    0.606666667    0.326937252
    0.613333333    0.330959750
    0.620000000    0.335484520
    0.626666667    0.340543611
    0.633333333    0.346167675
    0.640000000    0.352385604
    0.646666667    0.359224143
    0.653333333    0.366707483
    0.660000000    0.374856834
    0.666666667    0.383689985
    0.673333333    0.393220851
    0.680000000    0.403459030
    0.686666667    0.414409380
    0.693333333    0.426071640
    0.700000000    0.438440116
    0.706666667    0.451503479
    0.713333333    0.465244673
    0.720000000    0.479640997
    0.726666667    0.494664372
    0.733333333    0.510281814
    0.740000000    0.526456139
    0.746666667    0.543146904
    0.753333333    0.560311575
    0.760000000    0.577906898
    0.766666667    0.595890456
    0.773333333    0.614222342
    0.780000000    0.632866900
    0.786666667    0.651794462
    0.793333333    0.670982980
    0.800000000    0.690419504
    0.806666667    0.710101383
    0.813333333    0.730037133
    0.820000000    0.750246894
    0.826666667    0.770762397
    0.833333333    0.791626411
    0.840000000    0.812891604
    0.846666667    0.834618798
    0.853333333    0.856874586
    0.860000000    0.879728284
    0.866666667    0.903248209
    0.873333333    0.927497254
    0.880000000    0.952527752
    0.886666667    0.978375626
    0.893333333    1.005053825
    0.900000000    1.032545086
    0.906666667    1.060794116
    0.913333333    1.089699312
    0.920000000    1.119104277
    0.926666667    1.148789470
    0.933333333    1.178464461
    0.940000000    1.207761453
    0.946666667    1.236230832
    0.953333333    1.263339714
    0.960000000    1.288474494
    0.966666667    1.310948473
    0.973333333    1.330015521
    0.980000000    1.344890474
    0.986666667    1.354776586
    0.993333333    1.358899667
    1.000000000    1.356547836
    1.006666667    1.347114875
    1.013333333    1.330144323
    1.020000000    1.305370714
    1.026666667    1.272753885
    1.033333333    1.232502351
    1.040000000    1.185082243
    1.046666667    1.131209478
    1.053333333    1.071824401
    1.060000000    1.008050067
    1.066666667    0.941137223
    1.073333333    0.872400663
    1.080000000    0.803152646
    1.086666667    0.734639364
    1.093333333    0.667985849
    1.100000000    0.604153521
    1.106666667    0.543912828
    1.113333333    0.487831568
    1.120000000    0.436277772
    1.126666667    0.389434654
    1.133333333    0.347324349
    1.140000000    0.309836883
    1.146666667    0.276761046
    1.153333333    0.247814382
    1.160000000    0.222670274
    1.166666667    0.200980857
    1.173333333    0.182395210
    1.180000000    0.166572804
    1.186666667    0.153192601
    1.193333333    0.141958384
    1.200000000    0.132601006
    1.206666667    0.124878258
    1.213333333    0.118572940
    1.220000000    0.113489712
    1.226666667    0.109451155
    1.233333333    0.106293461
    1.240000000    0.103862143
    1.246666667    0.102008151
    1.253333333    0.100584825
    1.260000000    0.099446152
    1.266666667    0.098446748
    1.273333333    0.097443943
    1.280000000    0.096302112
    1.286666667    0.094899048
    1.293333333    0.093133782
    1.300000000    0.090934743
    1.306666667    0.088266835
    1.313333333    0.085135922
    1.320000000    0.081589460
    1.326666667    0.077712666
    1.333333333    0.073620512
    1.340000000    0.069446683
    1.346666667    0.065331293
    1.353333333    0.061409323
    1.360000000    0.057801406
    1.366666667    0.054607894
    1.373333333    0.051906262
    1.380000000    0.049751108
    1.386666667    0.048175387
    1.393333333    0.047191177
    1.400000000    0.046788177
    1.406666667    0.046928278
    1.413333333    0.047535240
    1.420000000    0.048480083
    1.426666667    0.049566014
    1.433333333    0.050521731
    1.440000000    0.051017442
    1.446666667    0.050719351
    1.453333333    0.049388553
    1.460000000    0.047005598
    1.466666667    0.043874489
    1.473333333    0.040663358
    1.480000000    0.038413695
    1.486666667    0.038735187
    1.493333333    0.044906127
    1.500000000    0.066993552
